Wavelength(m)	n	k
# material: Iongel
# source: [Optprop][Iongel][JW].mat
# type: tabulated nk
# range: 1.6672e-06 - 3.3237e-05 m
# converted: 2026-08-04 by tools/convert_matlab_optprop.py
1.667200e-06	1.41219	0.000366079
1.667700e-06	1.41219	0.000365034
1.668200e-06	1.41219	0.000364139
1.668800e-06	1.41218	0.000362978
1.669300e-06	1.41218	0.000361896
1.669900e-06	1.41218	0.000360902
1.670400e-06	1.41218	0.000359756
1.670900e-06	1.41218	0.000358905
1.671500e-06	1.41218	0.000358126
1.672000e-06	1.41217	0.000357065
1.672600e-06	1.41217	0.000355931
1.673100e-06	1.41217	0.000354938
1.673600e-06	1.41217	0.000354113
1.674200e-06	1.41217	0.000352971
1.674700e-06	1.41216	0.00035208
1.675300e-06	1.41216	0.000351066
1.675800e-06	1.41216	0.00034991
1.676300e-06	1.41216	0.000349015
1.676900e-06	1.41216	0.000347752
1.677400e-06	1.41216	0.000347253
1.678000e-06	1.41215	0.0003461
1.678500e-06	1.41215	0.00034497
1.679100e-06	1.41215	0.000344059
1.679600e-06	1.41215	0.000343136
1.680100e-06	1.41215	0.000342122
1.680700e-06	1.41214	0.000341024
1.681200e-06	1.41214	0.000339945
1.681800e-06	1.41214	0.000339104
1.682300e-06	1.41214	0.000338185
1.682900e-06	1.41214	0.000337523
1.683400e-06	1.41214	0.000336136
1.684000e-06	1.41213	0.000335251
1.684500e-06	1.41213	0.000334166
1.685100e-06	1.41213	0.000333251
1.685600e-06	1.41213	0.000332375
1.686100e-06	1.41213	0.00033132
1.686700e-06	1.41212	0.000330417
1.687200e-06	1.41212	0.000329536
1.687800e-06	1.41212	0.00032845
1.688300e-06	1.41212	0.000327546
1.688900e-06	1.41212	0.000326725
1.689400e-06	1.41212	0.000325993
1.690000e-06	1.41211	0.000324639
1.690500e-06	1.41211	0.000323836
1.691100e-06	1.41211	0.000322779
1.691700e-06	1.41211	0.000321847
1.692200e-06	1.41211	0.000321127
1.692800e-06	1.4121	0.000319955
1.693300e-06	1.4121	0.000318982
1.693900e-06	1.4121	0.000318216
1.694400e-06	1.4121	0.000317289
1.695000e-06	1.4121	0.000316328
1.695500e-06	1.41209	0.000315681
1.696100e-06	1.41209	0.000314506
1.696600e-06	1.41209	0.000313665
1.697200e-06	1.41209	0.000312553
1.697700e-06	1.41209	0.000311723
1.698300e-06	1.41208	0.000310714
1.698900e-06	1.41208	0.000309796
1.699400e-06	1.41208	0.000308913
1.700000e-06	1.41208	0.000307906
1.700500e-06	1.41208	0.000307072
1.701100e-06	1.41208	0.000306105
1.701600e-06	1.41207	0.000305201
1.702200e-06	1.41207	0.000304248
1.702800e-06	1.41207	0.000303637
1.703300e-06	1.41207	0.000302708
1.703900e-06	1.41207	0.00030167
1.704400e-06	1.41206	0.000300859
1.705000e-06	1.41206	0.000299847
1.705600e-06	1.41206	0.000299169
1.706100e-06	1.41206	0.000298108
1.706700e-06	1.41206	0.000297091
1.707200e-06	1.41205	0.000296372
1.707800e-06	1.41205	0.000295364
1.708400e-06	1.41205	0.000294502
1.708900e-06	1.41205	0.000293676
1.709500e-06	1.41205	0.000292953
1.710100e-06	1.41204	0.000291863
1.710600e-06	1.41204	0.000291056
1.711200e-06	1.41204	0.000290339
1.711800e-06	1.41204	0.000289475
1.712300e-06	1.41204	0.00028844
1.712900e-06	1.41203	0.00028739
1.713500e-06	1.41203	0.000286676
1.714000e-06	1.41203	0.000285964
1.714600e-06	1.41203	0.000284913
1.715200e-06	1.41203	0.000284227
1.715700e-06	1.41202	0.00028322
1.716300e-06	1.41202	0.000282474
1.716900e-06	1.41202	0.00028168
1.717400e-06	1.41202	0.000280609
1.718000e-06	1.41202	0.000279725
1.718600e-06	1.41201	0.000278941
1.719100e-06	1.41201	0.000278145
1.719700e-06	1.41201	0.000277557
1.720300e-06	1.41201	0.000276574
1.720800e-06	1.41201	0.000275607
1.721400e-06	1.412	0.000274664
1.722000e-06	1.412	0.000273879
1.722600e-06	1.412	0.000272934
1.723100e-06	1.412	0.000272197
1.723700e-06	1.412	0.000271348
1.724300e-06	1.41199	0.000270521
1.724900e-06	1.41199	0.000269667
1.725400e-06	1.41199	0.000268707
1.726000e-06	1.41199	0.000268165
1.726600e-06	1.41199	0.00026716
1.727200e-06	1.41198	0.000266282
1.727700e-06	1.41198	0.00026563
1.728300e-06	1.41198	0.000264644
1.728900e-06	1.41198	0.000263866
1.729500e-06	1.41198	0.000263116
1.730000e-06	1.41197	0.000262174
1.730600e-06	1.41197	0.000261442
1.731200e-06	1.41197	0.000260787
1.731800e-06	1.41197	0.000259701
1.732300e-06	1.41197	0.000258983
1.732900e-06	1.41196	0.000258121
1.733500e-06	1.41196	0.00025743
1.734100e-06	1.41196	0.000256806
1.734700e-06	1.41196	0.000255725
1.735200e-06	1.41195	0.000254851
1.735800e-06	1.41195	0.000254216
1.736400e-06	1.41195	0.000253459
1.737000e-06	1.41195	0.000252505
1.737600e-06	1.41195	0.000251843
1.738200e-06	1.41194	0.000251006
1.738700e-06	1.41194	0.000250073
1.739300e-06	1.41194	0.000249477
1.739900e-06	1.41194	0.000248575
1.740500e-06	1.41194	0.000247969
1.741100e-06	1.41193	0.000247288
1.741700e-06	1.41193	0.000246275
1.742200e-06	1.41193	0.000245538
1.742800e-06	1.41193	0.000244676
1.743400e-06	1.41193	0.000243939
1.744000e-06	1.41192	0.000243085
1.744600e-06	1.41192	0.000242414
1.745200e-06	1.41192	0.000241645
1.745800e-06	1.41192	0.000240824
1.746300e-06	1.41191	0.00024018
1.746900e-06	1.41191	0.000239226
1.747500e-06	1.41191	0.000238511
1.748100e-06	1.41191	0.00023775
1.748700e-06	1.41191	0.000237038
1.749300e-06	1.4119	0.000236263
1.749900e-06	1.4119	0.000235517
1.750500e-06	1.4119	0.000234791
1.751100e-06	1.4119	0.000233807
1.751700e-06	1.4119	0.000233185
1.752300e-06	1.41189	0.000232476
1.752800e-06	1.41189	0.000231746
1.753400e-06	1.41189	0.000230962
1.754000e-06	1.41189	0.000230189
1.754600e-06	1.41188	0.000229402
1.755200e-06	1.41188	0.000228884
1.755800e-06	1.41188	0.000227944
1.756400e-06	1.41188	0.000227211
1.757000e-06	1.41188	0.000226571
1.757600e-06	1.41187	0.000225767
1.758200e-06	1.41187	0.000225019
1.758800e-06	1.41187	0.000224255
1.759400e-06	1.41187	0.00022354
1.760000e-06	1.41187	0.000222893
1.760600e-06	1.41186	0.000222227
1.761200e-06	1.41186	0.000221318
1.761800e-06	1.41186	0.000220741
1.762400e-06	1.41186	0.000219954
1.763000e-06	1.41185	0.000219229
1.763600e-06	1.41185	0.000218519
1.764200e-06	1.41185	0.000217822
1.764800e-06	1.41185	0.000217052
1.765400e-06	1.41185	0.000216377
1.766000e-06	1.41184	0.000215733
1.766600e-06	1.41184	0.000214826
1.767200e-06	1.41184	0.000214289
1.767800e-06	1.41184	0.000213519
1.768400e-06	1.41183	0.000212824
1.769000e-06	1.41183	0.000212124
1.769600e-06	1.41183	0.000211442
1.770200e-06	1.41183	0.000210745
1.770800e-06	1.41183	0.000209932
1.771400e-06	1.41182	0.000209257
1.772000e-06	1.41182	0.000208647
1.772600e-06	1.41182	0.000207846
1.773200e-06	1.41182	0.000207187
1.773800e-06	1.41181	0.000206512
1.774400e-06	1.41181	0.000205896
1.775000e-06	1.41181	0.000205167
1.775700e-06	1.41181	0.000204415
1.776300e-06	1.41181	0.000203885
1.776900e-06	1.4118	0.000203074
1.777500e-06	1.4118	0.000202423
1.778100e-06	1.4118	0.0002018
1.778700e-06	1.4118	0.000200979
1.779300e-06	1.41179	0.00020034
1.779900e-06	1.41179	0.0001996
1.780500e-06	1.41179	0.00019889
1.781100e-06	1.41179	0.000198365
1.781800e-06	1.41178	0.000197625
1.782400e-06	1.41178	0.000196987
1.783000e-06	1.41178	0.000196276
1.783600e-06	1.41178	0.000195681
1.784200e-06	1.41178	0.000194956
1.784800e-06	1.41177	0.000194317
1.785400e-06	1.41177	0.000193581
1.786100e-06	1.41177	0.000193025
1.786700e-06	1.41177	0.000192469
1.787300e-06	1.41176	0.000191765
1.787900e-06	1.41176	0.000190978
1.788500e-06	1.41176	0.000190402
1.789100e-06	1.41176	0.000189728
1.789800e-06	1.41176	0.000189069
1.790400e-06	1.41175	0.000188408
1.791000e-06	1.41175	0.000187787
1.791600e-06	1.41175	0.000187232
1.792200e-06	1.41175	0.00018645
1.792800e-06	1.41174	0.000185867
1.793500e-06	1.41174	0.000185088
1.794100e-06	1.41174	0.000184577
1.794700e-06	1.41174	0.000184036
1.795300e-06	1.41173	0.000183202
1.796000e-06	1.41173	0.000182732
1.796600e-06	1.41173	0.00018196
1.797200e-06	1.41173	0.000181322
1.797800e-06	1.41172	0.000180714
1.798400e-06	1.41172	0.000180082
1.799100e-06	1.41172	0.000179388
1.799700e-06	1.41172	0.000178919
1.800300e-06	1.41172	0.000178228
1.800900e-06	1.41171	0.000177579
1.801600e-06	1.41171	0.000176962
1.802200e-06	1.41171	0.000176446
1.802800e-06	1.41171	0.00017588
1.803400e-06	1.4117	0.000175171
1.804100e-06	1.4117	0.000174515
1.804700e-06	1.4117	0.000173934
1.805300e-06	1.4117	0.000173435
1.806000e-06	1.41169	0.000172643
1.806600e-06	1.41169	0.000172089
1.807200e-06	1.41169	0.000171434
1.807800e-06	1.41169	0.000170907
1.808500e-06	1.41168	0.000170266
1.809100e-06	1.41168	0.000169623
1.809700e-06	1.41168	0.000169015
1.810400e-06	1.41168	0.000168548
1.811000e-06	1.41168	0.000167884
1.811600e-06	1.41167	0.000167256
1.812300e-06	1.41167	0.000166739
1.812900e-06	1.41167	0.000166107
1.813500e-06	1.41167	0.00016551
1.814200e-06	1.41166	0.000164847
1.814800e-06	1.41166	0.000164465
1.815400e-06	1.41166	0.000163703
1.816100e-06	1.41166	0.000163244
1.816700e-06	1.41165	0.000162608
1.817400e-06	1.41165	0.000161959
1.818000e-06	1.41165	0.00016141
1.818600e-06	1.41165	0.00016089
1.819300e-06	1.41164	0.000160205
1.819900e-06	1.41164	0.000159821
1.820500e-06	1.41164	0.00015917
1.821200e-06	1.41164	0.000158577
1.821800e-06	1.41163	0.000157992
1.822500e-06	1.41163	0.000157417
1.823100e-06	1.41163	0.000156919
1.823700e-06	1.41163	0.000156174
1.824400e-06	1.41162	0.000155681
1.825000e-06	1.41162	0.000155147
1.825700e-06	1.41162	0.000154607
1.826300e-06	1.41162	0.000153999
1.827000e-06	1.41161	0.000153393
1.827600e-06	1.41161	0.000152955
1.828200e-06	1.41161	0.000152384
1.828900e-06	1.41161	0.000151821
1.829500e-06	1.4116	0.000151322
1.830200e-06	1.4116	0.00015071
1.830800e-06	1.4116	0.000150077
1.831500e-06	1.4116	0.000149493
1.832100e-06	1.4116	0.000149136
1.832800e-06	1.41159	0.000148467
1.833400e-06	1.41159	0.000147932
1.834100e-06	1.41159	0.000147471
1.834700e-06	1.41159	0.000146895
1.835400e-06	1.41158	0.000146302
1.836000e-06	1.41158	0.00014588
1.836700e-06	1.41158	0.000145347
1.837300e-06	1.41158	0.000144874
1.838000e-06	1.41157	0.000144175
1.838600e-06	1.41157	0.000143711
1.839300e-06	1.41157	0.00014309
1.839900e-06	1.41157	0.000142594
1.840600e-06	1.41156	0.000142058
1.841200e-06	1.41156	0.000141554
1.841900e-06	1.41156	0.000140956
1.842500e-06	1.41156	0.000140471
1.843200e-06	1.41155	0.000140056
1.843900e-06	1.41155	0.000139565
1.844500e-06	1.41155	0.000138936
1.845200e-06	1.41155	0.000138536
1.845800e-06	1.41154	0.00013788
1.846500e-06	1.41154	0.000137445
1.847100e-06	1.41154	0.000136909
1.847800e-06	1.41153	0.000136424
1.848500e-06	1.41153	0.000135855
1.849100e-06	1.41153	0.000135276
1.849800e-06	1.41153	0.000134862
1.850400e-06	1.41152	0.00013428
1.851100e-06	1.41152	0.000133849
1.851800e-06	1.41152	0.000133367
1.852400e-06	1.41152	0.00013277
1.853100e-06	1.41151	0.000132354
1.853700e-06	1.41151	0.000131861
1.854400e-06	1.41151	0.000131286
1.855100e-06	1.41151	0.000130893
1.855700e-06	1.4115	0.000130432
1.856400e-06	1.4115	0.000129974
1.857100e-06	1.4115	0.000129383
1.857700e-06	1.4115	0.000128838
1.858400e-06	1.41149	0.000128384
1.859100e-06	1.41149	0.000127907
1.859700e-06	1.41149	0.000127429
1.860400e-06	1.41149	0.00012696
1.861100e-06	1.41148	0.00012638
1.861700e-06	1.41148	0.000125899
1.862400e-06	1.41148	0.000125543
1.863100e-06	1.41148	0.000124936
1.863700e-06	1.41147	0.00012447
1.864400e-06	1.41147	0.000124029
1.865100e-06	1.41147	0.000123614
1.865700e-06	1.41147	0.000123188
1.866400e-06	1.41146	0.000122638
1.867100e-06	1.41146	0.000122194
1.867800e-06	1.41146	0.000121814
1.868400e-06	1.41146	0.000121173
1.869100e-06	1.41145	0.000120753
1.869800e-06	1.41145	0.000120404
1.870500e-06	1.41145	0.000119877
1.871100e-06	1.41144	0.000119446
1.871800e-06	1.41144	0.000118939
1.872500e-06	1.41144	0.000118517
1.873200e-06	1.41144	0.000118023
1.873800e-06	1.41143	0.000117595
1.874500e-06	1.41143	0.000117132
1.875200e-06	1.41143	0.000116707
1.875900e-06	1.41143	0.000116244
1.876600e-06	1.41142	0.000115673
1.877200e-06	1.41142	0.000115284
1.877900e-06	1.41142	0.000114999
1.878600e-06	1.41142	0.000114427
1.879300e-06	1.41141	0.000114027
1.880000e-06	1.41141	0.00011354
1.880600e-06	1.41141	0.000113055
1.881300e-06	1.4114	0.000112698
1.882000e-06	1.4114	0.000112284
1.882700e-06	1.4114	0.000111759
1.883400e-06	1.4114	0.000111342
1.884100e-06	1.41139	0.000110872
1.884700e-06	1.41139	0.000110493
1.885400e-06	1.41139	0.000110101
1.886100e-06	1.41139	0.00010959
1.886800e-06	1.41138	0.000109101
1.887500e-06	1.41138	0.000108767
1.888200e-06	1.41138	0.000108335
1.888900e-06	1.41138	0.000107944
1.889500e-06	1.41137	0.000107436
1.890200e-06	1.41137	0.000107117
1.890900e-06	1.41137	0.000106607
1.891600e-06	1.41136	0.000106326
1.892300e-06	1.41136	0.000105861
1.893000e-06	1.41136	0.000105366
1.893700e-06	1.41136	0.000104925
1.894400e-06	1.41135	0.000104657
1.895100e-06	1.41135	0.000104218
1.895800e-06	1.41135	0.000103802
1.896500e-06	1.41135	0.000103325
1.897100e-06	1.41134	0.000102972
1.897800e-06	1.41134	0.000102474
1.898500e-06	1.41134	0.000102162
1.899200e-06	1.41133	0.000101685
1.899900e-06	1.41133	0.000101309
1.900600e-06	1.41133	0.000100902
1.901300e-06	1.41133	0.00010053
1.902000e-06	1.41132	0.000100097
1.902700e-06	1.41132	9.96e-05
1.903400e-06	1.41132	9.94e-05
1.904100e-06	1.41132	9.89e-05
1.904800e-06	1.41131	9.85e-05
1.905500e-06	1.41131	9.82e-05
1.906200e-06	1.41131	9.77e-05
1.906900e-06	1.4113	9.73e-05
1.907600e-06	1.4113	9.69e-05
1.908300e-06	1.4113	9.66e-05
1.909000e-06	1.4113	9.63e-05
1.909700e-06	1.41129	9.58e-05
1.910400e-06	1.41129	9.54e-05
1.911100e-06	1.41129	9.51e-05
1.911800e-06	1.41128	9.48e-05
1.912500e-06	1.41128	9.43e-05
1.913300e-06	1.41128	9.4e-05
1.914000e-06	1.41128	9.35e-05
1.914700e-06	1.41127	9.32e-05
1.915400e-06	1.41127	9.29e-05
1.916100e-06	1.41127	9.24e-05
1.916800e-06	1.41127	9.21e-05
1.917500e-06	1.41126	9.17e-05
1.918200e-06	1.41126	9.13e-05
1.918900e-06	1.41126	9.1e-05
1.919600e-06	1.41125	9.07e-05
1.920300e-06	1.41125	9.03e-05
1.921000e-06	1.41125	8.99e-05
1.921800e-06	1.41125	8.95e-05
1.922500e-06	1.41124	8.92e-05
1.923200e-06	1.41124	8.89e-05
1.923900e-06	1.41124	8.84e-05
1.924600e-06	1.41123	8.82e-05
1.925300e-06	1.41123	8.78e-05
1.926000e-06	1.41123	8.73e-05
1.926800e-06	1.41123	8.71e-05
1.927500e-06	1.41122	8.67e-05
1.928200e-06	1.41122	8.64e-05
1.928900e-06	1.41122	8.6e-05
1.929600e-06	1.41121	8.56e-05
1.930300e-06	1.41121	8.53e-05
1.931100e-06	1.41121	8.49e-05
1.931800e-06	1.41121	8.47e-05
1.932500e-06	1.4112	8.42e-05
1.933200e-06	1.4112	8.39e-05
1.933900e-06	1.4112	8.36e-05
1.934700e-06	1.41119	8.32e-05
1.935400e-06	1.41119	8.3e-05
1.936100e-06	1.41119	8.26e-05
1.936800e-06	1.41119	8.22e-05
1.937600e-06	1.41118	8.19e-05
1.938300e-06	1.41118	8.15e-05
1.939000e-06	1.41118	8.13e-05
1.939700e-06	1.41117	8.09e-05
1.940500e-06	1.41117	8.05e-05
1.941200e-06	1.41117	8.02e-05
1.941900e-06	1.41117	7.99e-05
1.942600e-06	1.41116	7.97e-05
1.943400e-06	1.41116	7.92e-05
1.944100e-06	1.41116	7.9e-05
1.944800e-06	1.41115	7.85e-05
1.945600e-06	1.41115	7.84e-05
1.946300e-06	1.41115	7.8e-05
1.947000e-06	1.41114	7.77e-05
1.947700e-06	1.41114	7.74e-05
1.948500e-06	1.41114	7.71e-05
1.949200e-06	1.41114	7.68e-05
1.949900e-06	1.41113	7.65e-05
1.950700e-06	1.41113	7.62e-05
1.951400e-06	1.41113	7.59e-05
1.952100e-06	1.41112	7.55e-05
1.952900e-06	1.41112	7.52e-05
1.953600e-06	1.41112	7.48e-05
1.954400e-06	1.41111	7.47e-05
1.955100e-06	1.41111	7.43e-05
1.955800e-06	1.41111	7.4e-05
1.956600e-06	1.41111	7.36e-05
1.957300e-06	1.4111	7.34e-05
1.958000e-06	1.4111	7.31e-05
1.958800e-06	1.4111	7.28e-05
1.959500e-06	1.41109	7.26e-05
1.960300e-06	1.41109	7.22e-05
1.961000e-06	1.41109	7.2e-05
1.961800e-06	1.41109	7.16e-05
1.962500e-06	1.41108	7.13e-05
1.963200e-06	1.41108	7.1e-05
1.964000e-06	1.41108	7.08e-05
1.964700e-06	1.41107	7.06e-05
1.965500e-06	1.41107	7.03e-05
1.966200e-06	1.41107	6.99e-05
1.967000e-06	1.41106	6.96e-05
1.967700e-06	1.41106	6.94e-05
1.968500e-06	1.41106	6.91e-05
1.969200e-06	1.41105	6.88e-05
1.970000e-06	1.41105	6.85e-05
1.970700e-06	1.41105	6.82e-05
1.971400e-06	1.41105	6.8e-05
1.972200e-06	1.41104	6.77e-05
1.972900e-06	1.41104	6.75e-05
1.973700e-06	1.41104	6.71e-05
1.974500e-06	1.41103	6.69e-05
1.975200e-06	1.41103	6.66e-05
1.976000e-06	1.41103	6.63e-05
1.976700e-06	1.41102	6.62e-05
1.977500e-06	1.41102	6.59e-05
1.978200e-06	1.41102	6.55e-05
1.979000e-06	1.41102	6.52e-05
1.979700e-06	1.41101	6.51e-05
1.980500e-06	1.41101	6.47e-05
1.981200e-06	1.41101	6.45e-05
1.982000e-06	1.411	6.42e-05
1.982800e-06	1.411	6.4e-05
1.983500e-06	1.411	6.38e-05
1.984300e-06	1.41099	6.34e-05
1.985000e-06	1.41099	6.33e-05
1.985800e-06	1.41099	6.3e-05
1.986600e-06	1.41098	6.28e-05
1.987300e-06	1.41098	6.25e-05
1.988100e-06	1.41098	6.22e-05
1.988800e-06	1.41098	6.2e-05
1.989600e-06	1.41097	6.17e-05
1.990400e-06	1.41097	6.14e-05
1.991100e-06	1.41097	6.13e-05
1.991900e-06	1.41096	6.09e-05
1.992700e-06	1.41096	6.08e-05
1.993400e-06	1.41096	6.05e-05
1.994200e-06	1.41095	6.02e-05
1.995000e-06	1.41095	6e-05
1.995700e-06	1.41095	5.98e-05
1.996500e-06	1.41094	5.95e-05
1.997300e-06	1.41094	5.93e-05
1.998000e-06	1.41094	5.91e-05
1.998800e-06	1.41093	5.89e-05
1.999600e-06	1.41093	5.86e-05
2.000400e-06	1.41093	5.83e-05
2.001100e-06	1.41092	5.81e-05
2.001900e-06	1.41092	5.8e-05
2.002700e-06	1.41092	5.78e-05
2.003400e-06	1.41092	5.74e-05
2.004200e-06	1.41091	5.73e-05
2.005000e-06	1.41091	5.7e-05
2.005800e-06	1.41091	5.69e-05
2.006500e-06	1.4109	5.66e-05
2.007300e-06	1.4109	5.65e-05
2.008100e-06	1.4109	5.63e-05
2.008900e-06	1.41089	5.61e-05
2.009700e-06	1.41089	5.57e-05
2.010400e-06	1.41089	5.55e-05
2.011200e-06	1.41088	5.53e-05
2.012000e-06	1.41088	5.51e-05
2.012800e-06	1.41088	5.5e-05
2.013600e-06	1.41087	5.46e-05
2.014300e-06	1.41087	5.44e-05
2.015100e-06	1.41087	5.43e-05
2.015900e-06	1.41086	5.4e-05
2.016700e-06	1.41086	5.39e-05
2.017500e-06	1.41086	5.36e-05
2.018300e-06	1.41085	5.34e-05
2.019000e-06	1.41085	5.33e-05
2.019800e-06	1.41085	5.3e-05
2.020600e-06	1.41084	5.28e-05
2.021400e-06	1.41084	5.27e-05
2.022200e-06	1.41084	5.25e-05
2.023000e-06	1.41083	5.23e-05
2.023800e-06	1.41083	5.2e-05
2.024600e-06	1.41083	5.19e-05
2.025400e-06	1.41082	5.17e-05
2.026100e-06	1.41082	5.15e-05
2.026900e-06	1.41082	5.12e-05
2.027700e-06	1.41081	5.11e-05
2.028500e-06	1.41081	5.09e-05
2.029300e-06	1.41081	5.07e-05
2.030100e-06	1.4108	5.05e-05
2.030900e-06	1.4108	5.03e-05
2.031700e-06	1.4108	5.01e-05
2.032500e-06	1.41079	4.99e-05
2.033300e-06	1.41079	4.97e-05
2.034100e-06	1.41079	4.96e-05
2.034900e-06	1.41078	4.94e-05
2.035700e-06	1.41078	4.93e-05
2.036500e-06	1.41078	4.9e-05
2.037300e-06	1.41077	4.89e-05
2.038100e-06	1.41077	4.87e-05
2.038900e-06	1.41077	4.87e-05
2.039700e-06	1.41076	4.83e-05
2.040500e-06	1.41076	4.81e-05
2.041300e-06	1.41076	4.8e-05
2.042100e-06	1.41075	4.79e-05
2.042900e-06	1.41075	4.77e-05
2.043700e-06	1.41075	4.74e-05
2.044500e-06	1.41074	4.73e-05
2.045300e-06	1.41074	4.72e-05
2.046100e-06	1.41074	4.7e-05
2.046900e-06	1.41073	4.68e-05
2.047800e-06	1.41073	4.67e-05
2.048600e-06	1.41073	4.65e-05
2.049400e-06	1.41072	4.64e-05
2.050200e-06	1.41072	4.62e-05
2.051000e-06	1.41072	4.6e-05
2.051800e-06	1.41071	4.59e-05
2.052600e-06	1.41071	4.57e-05
2.053400e-06	1.41071	4.56e-05
2.054200e-06	1.4107	4.54e-05
2.055100e-06	1.4107	4.52e-05
2.055900e-06	1.4107	4.51e-05
2.056700e-06	1.41069	4.5e-05
2.057500e-06	1.41069	4.49e-05
2.058300e-06	1.41069	4.47e-05
2.059100e-06	1.41068	4.45e-05
2.060000e-06	1.41068	4.43e-05
2.060800e-06	1.41068	4.43e-05
2.061600e-06	1.41067	4.4e-05
2.062400e-06	1.41067	4.39e-05
2.063200e-06	1.41067	4.38e-05
2.064100e-06	1.41066	4.36e-05
2.064900e-06	1.41066	4.34e-05
2.065700e-06	1.41066	4.33e-05
2.066500e-06	1.41065	4.33e-05
2.067300e-06	1.41065	4.31e-05
2.068200e-06	1.41064	4.3e-05
2.069000e-06	1.41064	4.28e-05
2.069800e-06	1.41064	4.27e-05
2.070700e-06	1.41063	4.26e-05
2.071500e-06	1.41063	4.24e-05
2.072300e-06	1.41063	4.23e-05
2.073100e-06	1.41062	4.22e-05
2.074000e-06	1.41062	4.2e-05
2.074800e-06	1.41062	4.19e-05
2.075600e-06	1.41061	4.17e-05
2.076500e-06	1.41061	4.17e-05
2.077300e-06	1.41061	4.16e-05
2.078100e-06	1.4106	4.14e-05
2.079000e-06	1.4106	4.12e-05
2.079800e-06	1.41059	4.12e-05
2.080600e-06	1.41059	4.1e-05
2.081500e-06	1.41059	4.1e-05
2.082300e-06	1.41058	4.07e-05
2.083100e-06	1.41058	4.07e-05
2.084000e-06	1.41058	4.06e-05
2.084800e-06	1.41057	4.04e-05
2.085600e-06	1.41057	4.03e-05
2.086500e-06	1.41057	4.02e-05
2.087300e-06	1.41056	4.01e-05
2.088200e-06	1.41056	4e-05
2.089000e-06	1.41056	3.98e-05
2.089800e-06	1.41055	3.97e-05
2.090700e-06	1.41055	3.97e-05
2.091500e-06	1.41054	3.96e-05
2.092400e-06	1.41054	3.95e-05
2.093200e-06	1.41054	3.93e-05
2.094100e-06	1.41053	3.92e-05
2.094900e-06	1.41053	3.91e-05
2.095800e-06	1.41053	3.9e-05
2.096600e-06	1.41052	3.89e-05
2.097500e-06	1.41052	3.88e-05
2.098300e-06	1.41052	3.87e-05
2.099200e-06	1.41051	3.86e-05
2.100000e-06	1.41051	3.85e-05
2.100900e-06	1.4105	3.84e-05
2.101700e-06	1.4105	3.83e-05
2.102600e-06	1.4105	3.83e-05
2.103400e-06	1.41049	3.81e-05
2.104300e-06	1.41049	3.81e-05
2.105100e-06	1.41049	3.79e-05
2.106000e-06	1.41048	3.79e-05
2.106800e-06	1.41048	3.78e-05
2.107700e-06	1.41047	3.76e-05
2.108500e-06	1.41047	3.76e-05
2.109400e-06	1.41047	3.75e-05
2.110300e-06	1.41046	3.75e-05
2.111100e-06	1.41046	3.73e-05
2.112000e-06	1.41046	3.72e-05
2.112800e-06	1.41045	3.72e-05
2.113700e-06	1.41045	3.71e-05
2.114600e-06	1.41044	3.7e-05
2.115400e-06	1.41044	3.7e-05
2.116300e-06	1.41044	3.68e-05
2.117200e-06	1.41043	3.68e-05
2.118000e-06	1.41043	3.67e-05
2.118900e-06	1.41043	3.67e-05
2.119700e-06	1.41042	3.66e-05
2.120600e-06	1.41042	3.65e-05
2.121500e-06	1.41041	3.64e-05
2.122400e-06	1.41041	3.63e-05
2.123200e-06	1.41041	3.63e-05
2.124100e-06	1.4104	3.62e-05
2.125000e-06	1.4104	3.6e-05
2.125800e-06	1.4104	3.6e-05
2.126700e-06	1.41039	3.6e-05
2.127600e-06	1.41039	3.59e-05
2.128500e-06	1.41038	3.58e-05
2.129300e-06	1.41038	3.57e-05
2.130200e-06	1.41038	3.57e-05
2.131100e-06	1.41037	3.56e-05
2.132000e-06	1.41037	3.56e-05
2.132800e-06	1.41036	3.55e-05
2.133700e-06	1.41036	3.55e-05
2.134600e-06	1.41036	3.54e-05
2.135500e-06	1.41035	3.53e-05
2.136300e-06	1.41035	3.53e-05
2.137200e-06	1.41035	3.53e-05
2.138100e-06	1.41034	3.51e-05
2.139000e-06	1.41034	3.51e-05
2.139900e-06	1.41033	3.5e-05
2.140800e-06	1.41033	3.51e-05
2.141600e-06	1.41033	3.49e-05
2.142500e-06	1.41032	3.49e-05
2.143400e-06	1.41032	3.48e-05
2.144300e-06	1.41031	3.48e-05
2.145200e-06	1.41031	3.47e-05
2.146100e-06	1.41031	3.47e-05
2.147000e-06	1.4103	3.46e-05
2.147800e-06	1.4103	3.46e-05
2.148700e-06	1.41029	3.46e-05
2.149600e-06	1.41029	3.45e-05
2.150500e-06	1.41029	3.45e-05
2.151400e-06	1.41028	3.44e-05
2.152300e-06	1.41028	3.44e-05
2.153200e-06	1.41027	3.43e-05
2.154100e-06	1.41027	3.43e-05
2.155000e-06	1.41027	3.43e-05
2.155900e-06	1.41026	3.42e-05
2.156800e-06	1.41026	3.41e-05
2.157700e-06	1.41025	3.41e-05
2.158600e-06	1.41025	3.42e-05
2.159500e-06	1.41025	3.41e-05
2.160400e-06	1.41024	3.41e-05
2.161300e-06	1.41024	3.41e-05
2.162200e-06	1.41023	3.4e-05
2.163100e-06	1.41023	3.39e-05
2.164000e-06	1.41023	3.39e-05
2.164900e-06	1.41022	3.38e-05
2.165800e-06	1.41022	3.38e-05
2.166700e-06	1.41021	3.39e-05
2.167600e-06	1.41021	3.38e-05
2.168500e-06	1.41021	3.38e-05
2.169400e-06	1.4102	3.37e-05
2.170300e-06	1.4102	3.37e-05
2.171200e-06	1.41019	3.37e-05
2.172100e-06	1.41019	3.37e-05
2.173100e-06	1.41019	3.37e-05
2.174000e-06	1.41018	3.36e-05
2.174900e-06	1.41018	3.36e-05
2.175800e-06	1.41017	3.36e-05
2.176700e-06	1.41017	3.35e-05
2.177600e-06	1.41016	3.36e-05
2.178500e-06	1.41016	3.35e-05
2.179400e-06	1.41016	3.35e-05
2.180400e-06	1.41015	3.35e-05
2.181300e-06	1.41015	3.36e-05
2.182200e-06	1.41014	3.35e-05
2.183100e-06	1.41014	3.34e-05
2.184000e-06	1.41014	3.34e-05
2.185000e-06	1.41013	3.35e-05
2.185900e-06	1.41013	3.34e-05
2.186800e-06	1.41012	3.35e-05
2.187700e-06	1.41012	3.34e-05
2.188600e-06	1.41011	3.34e-05
2.189600e-06	1.41011	3.34e-05
2.190500e-06	1.41011	3.35e-05
2.191400e-06	1.4101	3.34e-05
2.192400e-06	1.4101	3.34e-05
2.193300e-06	1.41009	3.34e-05
2.194200e-06	1.41009	3.34e-05
2.195100e-06	1.41009	3.34e-05
2.196100e-06	1.41008	3.34e-05
2.197000e-06	1.41008	3.34e-05
2.197900e-06	1.41007	3.34e-05
2.198900e-06	1.41007	3.34e-05
2.199800e-06	1.41006	3.35e-05
2.200700e-06	1.41006	3.35e-05
2.201700e-06	1.41006	3.33e-05
2.202600e-06	1.41005	3.34e-05
2.203500e-06	1.41005	3.34e-05
2.204500e-06	1.41004	3.34e-05
2.205400e-06	1.41004	3.34e-05
2.206300e-06	1.41003	3.34e-05
2.207300e-06	1.41003	3.34e-05
2.208200e-06	1.41002	3.34e-05
2.209200e-06	1.41002	3.35e-05
2.210100e-06	1.41002	3.34e-05
2.211000e-06	1.41001	3.35e-05
2.212000e-06	1.41001	3.35e-05
2.212900e-06	1.41	3.36e-05
2.213900e-06	1.41	3.35e-05
2.214800e-06	1.40999	3.35e-05
2.215800e-06	1.40999	3.36e-05
2.216700e-06	1.40999	3.37e-05
2.217700e-06	1.40998	3.36e-05
2.218600e-06	1.40998	3.36e-05
2.219600e-06	1.40997	3.37e-05
2.220500e-06	1.40997	3.37e-05
2.221500e-06	1.40996	3.38e-05
2.222400e-06	1.40996	3.37e-05
2.223400e-06	1.40995	3.37e-05
2.224300e-06	1.40995	3.38e-05
2.225300e-06	1.40995	3.38e-05
2.226200e-06	1.40994	3.38e-05
2.227200e-06	1.40994	3.38e-05
2.228200e-06	1.40993	3.38e-05
2.229100e-06	1.40993	3.39e-05
2.230100e-06	1.40992	3.39e-05
2.231000e-06	1.40992	3.39e-05
2.232000e-06	1.40991	3.39e-05
2.232900e-06	1.40991	3.4e-05
2.233900e-06	1.4099	3.41e-05
2.234900e-06	1.4099	3.41e-05
2.235800e-06	1.4099	3.41e-05
2.236800e-06	1.40989	3.41e-05
2.237800e-06	1.40989	3.42e-05
2.238700e-06	1.40988	3.42e-05
2.239700e-06	1.40988	3.42e-05
2.240700e-06	1.40987	3.43e-05
2.241600e-06	1.40987	3.43e-05
2.242600e-06	1.40986	3.44e-05
2.243600e-06	1.40986	3.44e-05
2.244500e-06	1.40985	3.44e-05
2.245500e-06	1.40985	3.45e-05
2.246500e-06	1.40985	3.46e-05
2.247500e-06	1.40984	3.46e-05
2.248400e-06	1.40984	3.46e-05
2.249400e-06	1.40983	3.46e-05
2.250400e-06	1.40983	3.47e-05
2.251400e-06	1.40982	3.47e-05
2.252300e-06	1.40982	3.48e-05
2.253300e-06	1.40981	3.48e-05
2.254300e-06	1.40981	3.49e-05
2.255300e-06	1.4098	3.49e-05
2.256300e-06	1.4098	3.49e-05
2.257300e-06	1.40979	3.5e-05
2.258200e-06	1.40979	3.51e-05
2.259200e-06	1.40978	3.51e-05
2.260200e-06	1.40978	3.51e-05
2.261200e-06	1.40977	3.52e-05
2.262200e-06	1.40977	3.53e-05
2.263200e-06	1.40976	3.53e-05
2.264200e-06	1.40976	3.54e-05
2.265100e-06	1.40976	3.54e-05
2.266100e-06	1.40975	3.55e-05
2.267100e-06	1.40975	3.55e-05
2.268100e-06	1.40974	3.56e-05
2.269100e-06	1.40974	3.57e-05
2.270100e-06	1.40973	3.57e-05
2.271100e-06	1.40973	3.58e-05
2.272100e-06	1.40972	3.58e-05
2.273100e-06	1.40972	3.59e-05
2.274100e-06	1.40971	3.59e-05
2.275100e-06	1.40971	3.6e-05
2.276100e-06	1.4097	3.61e-05
2.277100e-06	1.4097	3.61e-05
2.278100e-06	1.40969	3.62e-05
2.279100e-06	1.40969	3.63e-05
2.280100e-06	1.40968	3.63e-05
2.281100e-06	1.40968	3.64e-05
2.282100e-06	1.40967	3.65e-05
2.283100e-06	1.40967	3.66e-05
2.284100e-06	1.40966	3.66e-05
2.285100e-06	1.40966	3.66e-05
2.286100e-06	1.40965	3.68e-05
2.287100e-06	1.40965	3.68e-05
2.288100e-06	1.40964	3.69e-05
2.289100e-06	1.40964	3.7e-05
2.290200e-06	1.40963	3.7e-05
2.291200e-06	1.40963	3.71e-05
2.292200e-06	1.40962	3.72e-05
2.293200e-06	1.40962	3.72e-05
2.294200e-06	1.40961	3.73e-05
2.295200e-06	1.40961	3.74e-05
2.296200e-06	1.4096	3.75e-05
2.297300e-06	1.4096	3.76e-05
2.298300e-06	1.40959	3.77e-05
2.299300e-06	1.40959	3.77e-05
2.300300e-06	1.40958	3.78e-05
2.301300e-06	1.40958	3.8e-05
2.302400e-06	1.40957	3.8e-05
2.303400e-06	1.40957	3.8e-05
2.304400e-06	1.40956	3.81e-05
2.305400e-06	1.40956	3.82e-05
2.306500e-06	1.40955	3.83e-05
2.307500e-06	1.40955	3.84e-05
2.308500e-06	1.40954	3.84e-05
2.309500e-06	1.40954	3.86e-05
2.310600e-06	1.40953	3.86e-05
2.311600e-06	1.40953	3.87e-05
2.312600e-06	1.40952	3.89e-05
2.313700e-06	1.40952	3.89e-05
2.314700e-06	1.40951	3.9e-05
2.315700e-06	1.4095	3.91e-05
2.316800e-06	1.4095	3.92e-05
2.317800e-06	1.40949	3.93e-05
2.318800e-06	1.40949	3.94e-05
2.319900e-06	1.40948	3.95e-05
2.320900e-06	1.40948	3.95e-05
2.321900e-06	1.40947	3.97e-05
2.323000e-06	1.40947	3.97e-05
2.324000e-06	1.40946	3.98e-05
2.325100e-06	1.40946	3.99e-05
2.326100e-06	1.40945	4e-05
2.327200e-06	1.40945	4.01e-05
2.328200e-06	1.40944	4.02e-05
2.329200e-06	1.40944	4.03e-05
2.330300e-06	1.40943	4.04e-05
2.331300e-06	1.40942	4.06e-05
2.332400e-06	1.40942	4.06e-05
2.333400e-06	1.40941	4.07e-05
2.334500e-06	1.40941	4.08e-05
2.335500e-06	1.4094	4.09e-05
2.336600e-06	1.4094	4.1e-05
2.337700e-06	1.40939	4.11e-05
2.338700e-06	1.40939	4.12e-05
2.339800e-06	1.40938	4.13e-05
2.340800e-06	1.40938	4.15e-05
2.341900e-06	1.40937	4.15e-05
2.342900e-06	1.40936	4.16e-05
2.344000e-06	1.40936	4.17e-05
2.345100e-06	1.40935	4.18e-05
2.346100e-06	1.40935	4.2e-05
2.347200e-06	1.40934	4.21e-05
2.348200e-06	1.40934	4.22e-05
2.349300e-06	1.40933	4.23e-05
2.350400e-06	1.40933	4.24e-05
2.351400e-06	1.40932	4.25e-05
2.352500e-06	1.40931	4.26e-05
2.353600e-06	1.40931	4.27e-05
2.354600e-06	1.4093	4.28e-05
2.355700e-06	1.4093	4.3e-05
2.356800e-06	1.40929	4.3e-05
2.357800e-06	1.40929	4.32e-05
2.358900e-06	1.40928	4.33e-05
2.360000e-06	1.40927	4.34e-05
2.361100e-06	1.40927	4.35e-05
2.362100e-06	1.40926	4.37e-05
2.363200e-06	1.40926	4.38e-05
2.364300e-06	1.40925	4.38e-05
2.365400e-06	1.40925	4.4e-05
2.366500e-06	1.40924	4.42e-05
2.367500e-06	1.40923	4.42e-05
2.368600e-06	1.40923	4.43e-05
2.369700e-06	1.40922	4.45e-05
2.370800e-06	1.40922	4.47e-05
2.371900e-06	1.40921	4.48e-05
2.373000e-06	1.40921	4.49e-05
2.374000e-06	1.4092	4.5e-05
2.375100e-06	1.40919	4.51e-05
2.376200e-06	1.40919	4.52e-05
2.377300e-06	1.40918	4.53e-05
2.378400e-06	1.40918	4.55e-05
2.379500e-06	1.40917	4.56e-05
2.380600e-06	1.40916	4.58e-05
2.381700e-06	1.40916	4.59e-05
2.382800e-06	1.40915	4.6e-05
2.383900e-06	1.40915	4.61e-05
2.385000e-06	1.40914	4.62e-05
2.386100e-06	1.40913	4.64e-05
2.387200e-06	1.40913	4.65e-05
2.388300e-06	1.40912	4.67e-05
2.389400e-06	1.40912	4.67e-05
2.390500e-06	1.40911	4.69e-05
2.391600e-06	1.4091	4.71e-05
2.392700e-06	1.4091	4.71e-05
2.393800e-06	1.40909	4.73e-05
2.394900e-06	1.40908	4.75e-05
2.396000e-06	1.40908	4.76e-05
2.397100e-06	1.40907	4.77e-05
2.398200e-06	1.40907	4.79e-05
2.399300e-06	1.40906	4.79e-05
2.400400e-06	1.40905	4.81e-05
2.401500e-06	1.40905	4.82e-05
2.402600e-06	1.40904	4.84e-05
2.403800e-06	1.40904	4.85e-05
2.404900e-06	1.40903	4.87e-05
2.406000e-06	1.40902	4.87e-05
2.407100e-06	1.40902	4.9e-05
2.408200e-06	1.40901	4.91e-05
2.409300e-06	1.409	4.92e-05
2.410500e-06	1.409	4.94e-05
2.411600e-06	1.40899	4.95e-05
2.412700e-06	1.40898	4.96e-05
2.413800e-06	1.40898	4.98e-05
2.415000e-06	1.40897	4.99e-05
2.416100e-06	1.40897	5.01e-05
2.417200e-06	1.40896	5.02e-05
2.418300e-06	1.40895	5.03e-05
2.419500e-06	1.40895	5.05e-05
2.420600e-06	1.40894	5.06e-05
2.421700e-06	1.40893	5.08e-05
2.422900e-06	1.40893	5.09e-05
2.424000e-06	1.40892	5.11e-05
2.425100e-06	1.40891	5.12e-05
2.426300e-06	1.40891	5.14e-05
2.427400e-06	1.4089	5.16e-05
2.428500e-06	1.40889	5.16e-05
2.429700e-06	1.40889	5.19e-05
2.430800e-06	1.40888	5.2e-05
2.431900e-06	1.40887	5.21e-05
2.433100e-06	1.40887	5.23e-05
2.434200e-06	1.40886	5.25e-05
2.435400e-06	1.40885	5.25e-05
2.436500e-06	1.40885	5.28e-05
2.437700e-06	1.40884	5.29e-05
2.438800e-06	1.40883	5.3e-05
2.440000e-06	1.40883	5.32e-05
2.441100e-06	1.40882	5.34e-05
2.442300e-06	1.40881	5.35e-05
2.443400e-06	1.40881	5.37e-05
2.444600e-06	1.4088	5.39e-05
2.445700e-06	1.40879	5.4e-05
2.446900e-06	1.40879	5.41e-05
2.448000e-06	1.40878	5.43e-05
2.449200e-06	1.40877	5.45e-05
2.450300e-06	1.40876	5.46e-05
2.451500e-06	1.40876	5.47e-05
2.452700e-06	1.40875	5.49e-05
2.453800e-06	1.40874	5.51e-05
2.455000e-06	1.40874	5.52e-05
2.456100e-06	1.40873	5.54e-05
2.457300e-06	1.40872	5.56e-05
2.458500e-06	1.40872	5.57e-05
2.459600e-06	1.40871	5.59e-05
2.460800e-06	1.4087	5.61e-05
2.462000e-06	1.40869	5.62e-05
2.463100e-06	1.40869	5.64e-05
2.464300e-06	1.40868	5.66e-05
2.465500e-06	1.40867	5.68e-05
2.466700e-06	1.40866	5.69e-05
2.467800e-06	1.40866	5.71e-05
2.469000e-06	1.40865	5.72e-05
2.470200e-06	1.40864	5.74e-05
2.471400e-06	1.40864	5.75e-05
2.472500e-06	1.40863	5.77e-05
2.473700e-06	1.40862	5.79e-05
2.474900e-06	1.40861	5.81e-05
2.476100e-06	1.40861	5.82e-05
2.477300e-06	1.4086	5.84e-05
2.478400e-06	1.40859	5.86e-05
2.479600e-06	1.40858	5.87e-05
2.480800e-06	1.40858	5.89e-05
2.482000e-06	1.40857	5.91e-05
2.483200e-06	1.40856	5.93e-05
2.484400e-06	1.40855	5.94e-05
2.485600e-06	1.40855	5.96e-05
2.486800e-06	1.40854	5.98e-05
2.488000e-06	1.40853	6e-05
2.489200e-06	1.40852	6.01e-05
2.490300e-06	1.40851	6.03e-05
2.491500e-06	1.40851	6.05e-05
2.492700e-06	1.4085	6.06e-05
2.493900e-06	1.40849	6.08e-05
2.495100e-06	1.40848	6.1e-05
2.496300e-06	1.40848	6.12e-05
2.497500e-06	1.40847	6.13e-05
2.498800e-06	1.40846	6.16e-05
2.500000e-06	1.40845	6.17e-05
2.501200e-06	1.40844	6.19e-05
2.502400e-06	1.40844	6.2e-05
2.503600e-06	1.40843	6.22e-05
2.504800e-06	1.40842	6.24e-05
2.506000e-06	1.40841	6.26e-05
2.507200e-06	1.4084	6.28e-05
2.508400e-06	1.40839	6.29e-05
2.509600e-06	1.40839	6.31e-05
2.510900e-06	1.40838	6.33e-05
2.512100e-06	1.40837	6.35e-05
2.513300e-06	1.40836	6.38e-05
2.514500e-06	1.40835	6.38e-05
2.515700e-06	1.40835	6.4e-05
2.516900e-06	1.40834	6.42e-05
2.518200e-06	1.40833	6.44e-05
2.519400e-06	1.40832	6.46e-05
2.520600e-06	1.40831	6.48e-05
2.521800e-06	1.4083	6.5e-05
2.523100e-06	1.40829	6.52e-05
2.524300e-06	1.40829	6.53e-05
2.525500e-06	1.40828	6.55e-05
2.526800e-06	1.40827	6.57e-05
2.528000e-06	1.40826	6.59e-05
2.529200e-06	1.40825	6.61e-05
2.530500e-06	1.40824	6.63e-05
2.531700e-06	1.40823	6.65e-05
2.532900e-06	1.40822	6.66e-05
2.534200e-06	1.40822	6.68e-05
2.535400e-06	1.40821	6.7e-05
2.536600e-06	1.4082	6.72e-05
2.537900e-06	1.40819	6.74e-05
2.539100e-06	1.40818	6.76e-05
2.540400e-06	1.40817	6.77e-05
2.541600e-06	1.40816	6.79e-05
2.542900e-06	1.40815	6.82e-05
2.544100e-06	1.40814	6.83e-05
2.545400e-06	1.40813	6.86e-05
2.546600e-06	1.40812	6.87e-05
2.547900e-06	1.40811	6.89e-05
2.549100e-06	1.4081	6.91e-05
2.550400e-06	1.40809	6.94e-05
2.551600e-06	1.40808	6.95e-05
2.552900e-06	1.40807	6.98e-05
2.554100e-06	1.40806	7.01e-05
2.555400e-06	1.40805	7.04e-05
2.556700e-06	1.40804	7.06e-05
2.557900e-06	1.40803	7.1e-05
2.559200e-06	1.40802	7.14e-05
2.560400e-06	1.40801	7.18e-05
2.561700e-06	1.408	7.22e-05
2.563000e-06	1.40799	7.27e-05
2.564200e-06	1.40798	7.32e-05
2.565500e-06	1.40797	7.38e-05
2.566800e-06	1.40796	7.44e-05
2.568100e-06	1.40795	7.51e-05
2.569300e-06	1.40794	7.58e-05
2.570600e-06	1.40793	7.66e-05
2.571900e-06	1.40792	7.75e-05
2.573200e-06	1.40791	7.84e-05
2.574400e-06	1.4079	7.94e-05
2.575700e-06	1.40789	8.05e-05
2.577000e-06	1.40787	8.17e-05
2.578300e-06	1.40786	8.29e-05
2.579600e-06	1.40785	8.42e-05
2.580800e-06	1.40784	8.56e-05
2.582100e-06	1.40783	8.71e-05
2.583400e-06	1.40782	8.87e-05
2.584700e-06	1.40781	9.03e-05
2.586000e-06	1.40779	9.21e-05
2.587300e-06	1.40778	9.4e-05
2.588600e-06	1.40777	9.6e-05
2.589900e-06	1.40776	9.81e-05
2.591200e-06	1.40775	0.000100317
2.592500e-06	1.40774	0.000102545
2.593800e-06	1.40773	0.000105047
2.595000e-06	1.40771	0.000107541
2.596300e-06	1.4077	0.000110192
2.597600e-06	1.40769	0.000112951
2.599000e-06	1.40768	0.000115777
2.600300e-06	1.40767	0.000118596
2.601600e-06	1.40766	0.000121535
2.602900e-06	1.40765	0.000124489
2.604200e-06	1.40764	0.000127499
2.605500e-06	1.40762	0.000130476
2.606800e-06	1.40761	0.00013348
2.608100e-06	1.4076	0.000136482
2.609400e-06	1.40759	0.000139475
2.610700e-06	1.40758	0.000142444
2.612000e-06	1.40757	0.000145357
2.613400e-06	1.40756	0.000148245
2.614700e-06	1.40755	0.000151003
2.616000e-06	1.40754	0.000153792
2.617300e-06	1.40753	0.000156406
2.618600e-06	1.40752	0.000158981
2.620000e-06	1.40751	0.000161344
2.621300e-06	1.4075	0.00016369
2.622600e-06	1.40749	0.000165887
2.623900e-06	1.40748	0.000167922
2.625300e-06	1.40747	0.000169835
2.626600e-06	1.40746	0.000171631
2.627900e-06	1.40745	0.000173141
2.629300e-06	1.40744	0.000174533
2.630600e-06	1.40743	0.000175696
2.631900e-06	1.40742	0.000176643
2.633300e-06	1.40741	0.00017735
2.634600e-06	1.4074	0.000177928
2.635900e-06	1.40739	0.000178166
2.637300e-06	1.40738	0.000178158
2.638600e-06	1.40737	0.000177865
2.640000e-06	1.40736	0.000177388
2.641300e-06	1.40734	0.000176546
2.642700e-06	1.40733	0.000175468
2.644000e-06	1.40732	0.000174032
2.645400e-06	1.40731	0.000172448
2.646700e-06	1.40729	0.000170695
2.648100e-06	1.40728	0.000168868
2.649400e-06	1.40727	0.000166898
2.650800e-06	1.40725	0.000165031
2.652100e-06	1.40723	0.000163149
2.653500e-06	1.40722	0.000161369
2.654800e-06	1.4072	0.000159788
2.656200e-06	1.40718	0.00015839
2.657600e-06	1.40717	0.000157234
2.658900e-06	1.40715	0.000156377
2.660300e-06	1.40713	0.000155906
2.661700e-06	1.40711	0.000155826
2.663000e-06	1.40709	0.000156183
2.664400e-06	1.40706	0.000157099
2.665800e-06	1.40704	0.000158582
2.667100e-06	1.40702	0.000160596
2.668500e-06	1.407	0.00016335
2.669900e-06	1.40697	0.000166781
2.671300e-06	1.40695	0.000171027
2.672600e-06	1.40692	0.000176021
2.674000e-06	1.4069	0.000181977
2.675400e-06	1.40687	0.000188771
2.676800e-06	1.40685	0.000196567
2.678200e-06	1.40682	0.000205411
2.679500e-06	1.4068	0.000215291
2.680900e-06	1.40677	0.000226379
2.682300e-06	1.40674	0.000238581
2.683700e-06	1.40672	0.000252039
2.685100e-06	1.40669	0.000266756
2.686500e-06	1.40666	0.000282841
2.687900e-06	1.40664	0.000300264
2.689300e-06	1.40661	0.000319166
2.690700e-06	1.40659	0.000339552
2.692100e-06	1.40656	0.000361458
2.693500e-06	1.40654	0.000384991
2.694900e-06	1.40651	0.000409905
2.696300e-06	1.40649	0.00043629
2.697700e-06	1.40647	0.000463896
2.699100e-06	1.40645	0.000492692
2.700500e-06	1.40643	0.000522524
2.701900e-06	1.40642	0.000553148
2.703300e-06	1.4064	0.000584641
2.704700e-06	1.40639	0.000616764
2.706100e-06	1.40638	0.000649418
2.707500e-06	1.40637	0.000682568
2.708900e-06	1.40636	0.000715906
2.710400e-06	1.40636	0.000749516
2.711800e-06	1.40635	0.000783134
2.713200e-06	1.40635	0.000816705
2.714600e-06	1.40635	0.00085013
2.716000e-06	1.40636	0.000883192
2.717500e-06	1.40636	0.000915838
2.718900e-06	1.40636	0.000948036
2.720300e-06	1.40637	0.00097946
2.721700e-06	1.40638	0.00101018
2.723200e-06	1.40639	0.00103997
2.724600e-06	1.40641	0.00106875
2.726000e-06	1.40642	0.00109634
2.727500e-06	1.40644	0.00112275
2.728900e-06	1.40645	0.00114775
2.730300e-06	1.40647	0.00117122
2.731800e-06	1.4065	0.0011931
2.733200e-06	1.40652	0.00121326
2.734700e-06	1.40654	0.00123152
2.736100e-06	1.40657	0.00124777
2.737500e-06	1.40659	0.00126199
2.739000e-06	1.40662	0.001274
2.740400e-06	1.40665	0.00128362
2.741900e-06	1.40668	0.0012908
2.743300e-06	1.4067	0.00129542
2.744800e-06	1.40673	0.00129733
2.746200e-06	1.40676	0.00129641
2.747700e-06	1.40679	0.00129283
2.749200e-06	1.40682	0.00128661
2.750600e-06	1.40685	0.00127786
2.752100e-06	1.40687	0.00126676
2.753500e-06	1.4069	0.00125344
2.755000e-06	1.40692	0.00123791
2.756500e-06	1.40694	0.00122043
2.757900e-06	1.40696	0.00120114
2.759400e-06	1.40698	0.00118002
2.760900e-06	1.407	0.00115729
2.762300e-06	1.40702	0.00113304
2.763800e-06	1.40703	0.00110745
2.765300e-06	1.40704	0.00108053
2.766800e-06	1.40705	0.00105257
2.768200e-06	1.40706	0.00102353
2.769700e-06	1.40707	0.000993556
2.771200e-06	1.40707	0.000962913
2.772700e-06	1.40708	0.000931563
2.774200e-06	1.40708	0.000899697
2.775600e-06	1.40707	0.000867446
2.777100e-06	1.40707	0.000834939
2.778600e-06	1.40706	0.000802227
2.780100e-06	1.40706	0.000769562
2.781600e-06	1.40704	0.000736895
2.783100e-06	1.40703	0.000704475
2.784600e-06	1.40702	0.000672427
2.786100e-06	1.407	0.000640823
2.787600e-06	1.40698	0.000609797
2.789100e-06	1.40696	0.000579471
2.790600e-06	1.40694	0.000550024
2.792100e-06	1.40692	0.000521528
2.793600e-06	1.40689	0.000494016
2.795100e-06	1.40686	0.000467789
2.796600e-06	1.40683	0.00044283
2.798100e-06	1.4068	0.00041941
2.799600e-06	1.40677	0.000397456
2.801100e-06	1.40674	0.000377196
2.802700e-06	1.40671	0.000358674
2.804200e-06	1.40667	0.000341724
2.805700e-06	1.40664	0.000326372
2.807200e-06	1.4066	0.000312506
2.808700e-06	1.40657	0.000300096
2.810200e-06	1.40653	0.000289058
2.811800e-06	1.4065	0.000279375
2.813300e-06	1.40646	0.000271009
2.814800e-06	1.40642	0.000263834
2.816400e-06	1.40639	0.000257811
2.817900e-06	1.40635	0.00025295
2.819400e-06	1.40632	0.000249102
2.821000e-06	1.40628	0.000246338
2.822500e-06	1.40625	0.000244465
2.824000e-06	1.40621	0.000243513
2.825600e-06	1.40618	0.000243327
2.827100e-06	1.40615	0.000243966
2.828600e-06	1.40611	0.000245356
2.830200e-06	1.40608	0.000247401
2.831700e-06	1.40605	0.000250048
2.833300e-06	1.40601	0.000253273
2.834800e-06	1.40598	0.00025703
2.836400e-06	1.40595	0.000261142
2.837900e-06	1.40592	0.000265701
2.839500e-06	1.40589	0.00027061
2.841000e-06	1.40586	0.000275745
2.842600e-06	1.40583	0.00028116
2.844200e-06	1.4058	0.000286688
2.845700e-06	1.40577	0.000292328
2.847300e-06	1.40574	0.000298086
2.848900e-06	1.40571	0.000303779
2.850400e-06	1.40568	0.000309467
2.852000e-06	1.40565	0.000314951
2.853600e-06	1.40562	0.000320339
2.855100e-06	1.40559	0.000325475
2.856700e-06	1.40556	0.000330329
2.858300e-06	1.40552	0.000335051
2.859900e-06	1.40549	0.000340943
2.861400e-06	1.40545	0.000350308
2.863000e-06	1.40541	0.000365204
2.864600e-06	1.40537	0.00038753
2.866200e-06	1.40534	0.000416117
2.867800e-06	1.40531	0.000446913
2.869300e-06	1.4053	0.000475739
2.870900e-06	1.40529	0.000498568
2.872500e-06	1.40528	0.000513423
2.874100e-06	1.40528	0.000521217
2.875700e-06	1.40527	0.000523017
2.877300e-06	1.40526	0.000519873
2.878900e-06	1.40524	0.000513095
2.880500e-06	1.40522	0.000504408
2.882100e-06	1.40519	0.000495442
2.883700e-06	1.40516	0.000487914
2.885300e-06	1.40512	0.00048379
2.886900e-06	1.40507	0.000485738
2.888500e-06	1.40502	0.00049659
2.890100e-06	1.40497	0.000519137
2.891800e-06	1.40493	0.000554991
2.893400e-06	1.4049	0.00059812
2.895000e-06	1.40489	0.000640035
2.896600e-06	1.4049	0.000672111
2.898200e-06	1.4049	0.000686827
2.899800e-06	1.40491	0.000686851
2.901500e-06	1.4049	0.000680199
2.903100e-06	1.40488	0.000675054
2.904700e-06	1.40485	0.000679177
2.906300e-06	1.40484	0.000691125
2.908000e-06	1.40483	0.000701624
2.909600e-06	1.40483	0.000701057
2.911200e-06	1.40483	0.000680166
2.912900e-06	1.40482	0.000640397
2.914500e-06	1.40478	0.000597849
2.916100e-06	1.40471	0.000569386
2.917800e-06	1.40462	0.00057205
2.919400e-06	1.40455	0.000611097
2.921100e-06	1.4045	0.000667831
2.922700e-06	1.4045	0.000720226
2.924400e-06	1.40451	0.000746272
2.926000e-06	1.40453	0.000732802
2.927700e-06	1.40451	0.000696305
2.929300e-06	1.40446	0.00065991
2.931000e-06	1.40439	0.000646457
2.932600e-06	1.4043	0.0006737
2.934300e-06	1.40425	0.000730214
2.936000e-06	1.40422	0.000794653
2.937600e-06	1.40423	0.000845312
2.939300e-06	1.40426	0.000863038
2.941000e-06	1.40428	0.000849724
2.942600e-06	1.40427	0.000819162
2.944300e-06	1.40425	0.000785252
2.946000e-06	1.4042	0.000761379
2.947600e-06	1.40415	0.000751055
2.949300e-06	1.4041	0.000749723
2.951000e-06	1.40406	0.000752298
2.952700e-06	1.40402	0.000753802
2.954400e-06	1.40397	0.000753796
2.956000e-06	1.40391	0.000757694
2.957700e-06	1.40385	0.000771402
2.959400e-06	1.4038	0.000800682
2.961100e-06	1.40375	0.0008452
2.962800e-06	1.40373	0.000891467
2.964500e-06	1.40373	0.000924299
2.966200e-06	1.40375	0.000928471
2.967900e-06	1.40376	0.000896204
2.969600e-06	1.40373	0.000843787
2.971300e-06	1.40367	0.000792866
2.973000e-06	1.40357	0.000764985
2.974700e-06	1.40347	0.000777191
2.976400e-06	1.40338	0.000820724
2.978100e-06	1.40332	0.000877923
2.979800e-06	1.40329	0.000931233
2.981500e-06	1.40327	0.000964439
2.983300e-06	1.40326	0.000977044
2.985000e-06	1.40323	0.000976886
2.986700e-06	1.4032	0.000971898
2.988400e-06	1.40315	0.000969793
2.990100e-06	1.40309	0.000973656
2.991900e-06	1.40304	0.000982424
2.993600e-06	1.40299	0.000994905
2.995300e-06	1.40293	0.00100997
2.997100e-06	1.40288	0.00102623
2.998800e-06	1.40284	0.00104196
3.000500e-06	1.40279	0.00105521
3.002300e-06	1.40274	0.00106439
3.004000e-06	1.4027	0.00106895
3.005700e-06	1.40264	0.00107113
3.007500e-06	1.40258	0.00107354
3.009200e-06	1.40251	0.00107882
3.011000e-06	1.40244	0.00108915
3.012700e-06	1.40236	0.0011057
3.014500e-06	1.40229	0.00112931
3.016200e-06	1.40221	0.00116094
3.018000e-06	1.40214	0.00120036
3.019700e-06	1.40208	0.00124208
3.021500e-06	1.40204	0.00127867
3.023300e-06	1.402	0.00130265
3.025000e-06	1.40196	0.00130795
3.026800e-06	1.4019	0.00130084
3.028600e-06	1.40182	0.0012945
3.030300e-06	1.40172	0.00130218
3.032100e-06	1.40161	0.00133636
3.033900e-06	1.40152	0.00139359
3.035700e-06	1.40145	0.00145721
3.037400e-06	1.40141	0.00150995
3.039200e-06	1.40138	0.00153497
3.041000e-06	1.40133	0.00152956
3.042800e-06	1.40126	0.00150943
3.044600e-06	1.40116	0.00149177
3.046400e-06	1.40104	0.00149359
3.048200e-06	1.40091	0.00152331
3.049900e-06	1.40079	0.00157113
3.051700e-06	1.40069	0.0016248
3.053500e-06	1.4006	0.00167234
3.055300e-06	1.4005	0.00170623
3.057100e-06	1.40039	0.00173463
3.058900e-06	1.40027	0.00176899
3.060700e-06	1.40013	0.00182088
3.062600e-06	1.4	0.00189826
3.064400e-06	1.39989	0.00199123
3.066200e-06	1.3998	0.00208362
3.068000e-06	1.39973	0.00215907
3.069800e-06	1.39967	0.00220329
3.071600e-06	1.39959	0.00222013
3.073400e-06	1.39949	0.00222338
3.075300e-06	1.39935	0.00222702
3.077100e-06	1.3992	0.00224441
3.078900e-06	1.39903	0.0022791
3.080800e-06	1.39885	0.00232637
3.082600e-06	1.39867	0.00238099
3.084400e-06	1.39849	0.00243805
3.086300e-06	1.3983	0.00249622
3.088100e-06	1.3981	0.002559
3.089900e-06	1.39788	0.00263019
3.091800e-06	1.39764	0.00271361
3.093600e-06	1.39739	0.00281159
3.095500e-06	1.39714	0.00292311
3.097300e-06	1.39688	0.00304695
3.099200e-06	1.3966	0.00318177
3.101000e-06	1.39632	0.00332668
3.102900e-06	1.39602	0.00348173
3.104700e-06	1.3957	0.00364769
3.106600e-06	1.39536	0.00382487
3.108500e-06	1.39499	0.00401569
3.110300e-06	1.39458	0.00423177
3.112200e-06	1.39412	0.00448815
3.114100e-06	1.39361	0.00479947
3.115900e-06	1.39307	0.0051809
3.117800e-06	1.3925	0.00564448
3.119700e-06	1.39191	0.00620072
3.121600e-06	1.39131	0.00686088
3.123400e-06	1.39069	0.00763629
3.125300e-06	1.39008	0.00854784
3.127200e-06	1.38948	0.00962668
3.129100e-06	1.38894	0.0109026
3.131000e-06	1.38851	0.0124044
3.132900e-06	1.38828	0.0141314
3.134800e-06	1.38831	0.0160416
3.136700e-06	1.38867	0.0180884
3.138600e-06	1.38942	0.0202283
3.140500e-06	1.39065	0.0223689
3.142400e-06	1.39241	0.0243263
3.144300e-06	1.39465	0.0259112
3.146200e-06	1.39723	0.0269347
3.148100e-06	1.39988	0.0272861
3.150000e-06	1.40234	0.027094
3.151900e-06	1.40451	0.0265318
3.153800e-06	1.40638	0.0257706
3.155800e-06	1.40804	0.024946
3.157700e-06	1.40962	0.0240237
3.159600e-06	1.41114	0.0229141
3.161500e-06	1.41255	0.0215268
3.163500e-06	1.41369	0.0197943
3.165400e-06	1.41435	0.0178308
3.167300e-06	1.41445	0.0158483
3.169300e-06	1.41403	0.0140551
3.171200e-06	1.4132	0.0126544
3.173100e-06	1.4122	0.0117067
3.175100e-06	1.41117	0.0111558
3.177000e-06	1.4102	0.0109417
3.179000e-06	1.40935	0.0110045
3.180900e-06	1.40865	0.0112946
3.182900e-06	1.40812	0.0117747
3.184800e-06	1.40781	0.0124087
3.186800e-06	1.40774	0.0131599
3.188800e-06	1.40797	0.0139671
3.190700e-06	1.40854	0.0147193
3.192700e-06	1.4094	0.0153019
3.194600e-06	1.4105	0.0155996
3.196600e-06	1.41168	0.0155367
3.198600e-06	1.4128	0.0151622
3.200600e-06	1.41378	0.0145496
3.202500e-06	1.4146	0.0137725
3.204500e-06	1.41525	0.0128962
3.206500e-06	1.41574	0.0119541
3.208500e-06	1.41609	0.0109672
3.210500e-06	1.41629	0.00995735
3.212500e-06	1.41633	0.00894641
3.214500e-06	1.41623	0.0079608
3.216400e-06	1.416	0.00702767
3.218400e-06	1.41563	0.00617558
3.220400e-06	1.41517	0.00543214
3.222400e-06	1.41465	0.00480616
3.224400e-06	1.4141	0.00429296
3.226500e-06	1.41353	0.00388712
3.228500e-06	1.41298	0.00358251
3.230500e-06	1.41246	0.0033658
3.232500e-06	1.41198	0.00321313
3.234500e-06	1.41156	0.00309976
3.236500e-06	1.41119	0.00300125
3.238500e-06	1.41085	0.00290227
3.240600e-06	1.41051	0.00280636
3.242600e-06	1.41019	0.00271951
3.244600e-06	1.40986	0.00264763
3.246700e-06	1.40954	0.00259463
3.248700e-06	1.40924	0.00255775
3.250700e-06	1.40895	0.00253282
3.252800e-06	1.40867	0.00251575
3.254800e-06	1.4084	0.00250333
3.256900e-06	1.40813	0.00249779
3.258900e-06	1.40786	0.00250315
3.260900e-06	1.4076	0.00252344
3.263000e-06	1.40735	0.00256175
3.265100e-06	1.40712	0.00261244
3.267100e-06	1.40691	0.00266516
3.269200e-06	1.40672	0.00270948
3.271200e-06	1.40654	0.0027356
3.273300e-06	1.40635	0.00274567
3.275400e-06	1.40614	0.00275168
3.277400e-06	1.40592	0.00276602
3.279500e-06	1.40568	0.00280077
3.281600e-06	1.40545	0.00285873
3.283700e-06	1.40523	0.00293035
3.285700e-06	1.40503	0.00300546
3.287800e-06	1.40484	0.00307382
3.289900e-06	1.40464	0.00313134
3.292000e-06	1.40443	0.00318637
3.294100e-06	1.40421	0.00324882
3.296200e-06	1.40398	0.00332856
3.298300e-06	1.40376	0.00343122
3.300400e-06	1.40354	0.00354797
3.302500e-06	1.40335	0.00366723
3.304600e-06	1.40317	0.00377737
3.306700e-06	1.403	0.00386788
3.308800e-06	1.40283	0.00393485
3.310900e-06	1.40264	0.00397668
3.313000e-06	1.40243	0.00399168
3.315200e-06	1.40217	0.00398009
3.317300e-06	1.40184	0.0039601
3.319400e-06	1.40144	0.0039595
3.321500e-06	1.40095	0.00400623
3.323700e-06	1.40041	0.00412722
3.325800e-06	1.39984	0.00433123
3.327900e-06	1.39925	0.00461189
3.330100e-06	1.39865	0.00496265
3.332200e-06	1.39803	0.00537705
3.334300e-06	1.39738	0.00586505
3.336500e-06	1.39669	0.00645948
3.338600e-06	1.39598	0.00719352
3.340800e-06	1.39527	0.00810065
3.342900e-06	1.39461	0.00920333
3.345100e-06	1.39404	0.0105047
3.347300e-06	1.39362	0.0120031
3.349400e-06	1.39339	0.0136984
3.351600e-06	1.39344	0.0155743
3.353800e-06	1.39382	0.0175669
3.355900e-06	1.3946	0.0196018
3.358100e-06	1.39579	0.0216077
3.360300e-06	1.39747	0.0234915
3.362500e-06	1.39967	0.0250692
3.364600e-06	1.40232	0.0261262
3.366800e-06	1.40525	0.0264528
3.369000e-06	1.40814	0.0258796
3.371200e-06	1.41054	0.0245481
3.373400e-06	1.41227	0.0227608
3.375600e-06	1.41327	0.0208128
3.377800e-06	1.41358	0.0189932
3.380000e-06	1.41338	0.0174854
3.382200e-06	1.41281	0.0163889
3.384400e-06	1.41201	0.0158001
3.386600e-06	1.41121	0.0158134
3.388800e-06	1.41074	0.0163639
3.391000e-06	1.4108	0.0171838
3.393300e-06	1.41141	0.0179917
3.395500e-06	1.4125	0.0185092
3.397700e-06	1.4138	0.0185684
3.399900e-06	1.4151	0.0182171
3.402200e-06	1.41627	0.017529
3.404400e-06	1.41724	0.0165754
3.406600e-06	1.41795	0.0154348
3.408900e-06	1.41835	0.0142105
3.411100e-06	1.41844	0.0130069
3.413400e-06	1.41827	0.0119306
3.415600e-06	1.41794	0.0110681
3.417900e-06	1.41757	0.0104004
3.420100e-06	1.41721	0.00987523
3.422400e-06	1.41688	0.00944011
3.424600e-06	1.41659	0.00904643
3.426900e-06	1.41628	0.0086849
3.429200e-06	1.41597	0.00836689
3.431400e-06	1.41564	0.00810321
3.433700e-06	1.41533	0.00790366
3.436000e-06	1.41505	0.00775032
3.438300e-06	1.41482	0.00760242
3.440500e-06	1.41462	0.00741867
3.442800e-06	1.41439	0.00715948
3.445100e-06	1.41402	0.00684878
3.447400e-06	1.41347	0.00659106
3.449700e-06	1.41275	0.00649673
3.452000e-06	1.41191	0.00667558
3.454300e-06	1.4111	0.00718985
3.456600e-06	1.41046	0.00800456
3.458900e-06	1.41006	0.00907235
3.461200e-06	1.40998	0.0103469
3.463500e-06	1.41037	0.0117415
3.465800e-06	1.41129	0.0130507
3.468200e-06	1.41272	0.0140436
3.470500e-06	1.41452	0.0144926
3.472800e-06	1.41636	0.0142318
3.475100e-06	1.41791	0.013403
3.477500e-06	1.41901	0.0122481
3.479800e-06	1.41964	0.0110066
3.482100e-06	1.41992	0.00989435
3.484500e-06	1.42004	0.00894867
3.486800e-06	1.42009	0.008111
3.489200e-06	1.42011	0.00732121
3.491500e-06	1.42008	0.00652434
3.493900e-06	1.41993	0.00572574
3.496200e-06	1.41964	0.00497964
3.498600e-06	1.41923	0.0043429
3.501000e-06	1.41875	0.00387091
3.503300e-06	1.41829	0.003569
3.505700e-06	1.41791	0.00337919
3.508100e-06	1.41764	0.00323917
3.510400e-06	1.41745	0.00308663
3.512800e-06	1.41729	0.00288615
3.515200e-06	1.41712	0.00265609
3.517600e-06	1.41692	0.00242096
3.520000e-06	1.41669	0.00220548
3.522400e-06	1.41645	0.00202688
3.524800e-06	1.41623	0.00187781
3.527100e-06	1.41602	0.00174627
3.529500e-06	1.41583	0.00162014
3.532000e-06	1.41565	0.00148978
3.534400e-06	1.41546	0.00135932
3.536800e-06	1.41526	0.00123752
3.539200e-06	1.41505	0.00113283
3.541600e-06	1.41484	0.0010529
3.544000e-06	1.41465	0.000995223
3.546400e-06	1.41448	0.000951743
3.548900e-06	1.41432	0.000914517
3.551300e-06	1.41418	0.00087583
3.553700e-06	1.41405	0.000832288
3.556200e-06	1.41393	0.000784187
3.558600e-06	1.41381	0.000732011
3.561100e-06	1.4137	0.00067616
3.563500e-06	1.41358	0.000617609
3.566000e-06	1.41346	0.000558224
3.568400e-06	1.41334	0.000499837
3.570900e-06	1.41322	0.000444245
3.573300e-06	1.4131	0.000392383
3.575800e-06	1.41298	0.000343404
3.578300e-06	1.41286	0.000296055
3.580700e-06	1.41275	0.000249283
3.583200e-06	1.41263	0.000202601
3.585700e-06	1.41251	0.000157655
3.588200e-06	1.41238	0.000116615
3.590700e-06	1.41226	8.16e-05
3.593100e-06	1.41213	5.44e-05
3.595600e-06	1.41201	3.43e-05
3.598100e-06	1.41189	2.03e-05
3.600600e-06	1.41177	1.09e-05
3.603100e-06	1.41166	5.06e-06
3.605600e-06	1.41156	1.8e-06
3.608100e-06	1.41146	3.66e-07
3.610700e-06	1.41136	9.01e-09
3.613200e-06	1.41127	1e-08
3.615700e-06	1.41118	1.08e-08
3.618200e-06	1.41109	7.47e-09
3.620700e-06	1.41101	5.15e-09
3.623300e-06	1.41093	8.95e-09
3.625800e-06	1.41085	4.69e-09
3.628300e-06	1.41077	9.45e-09
3.630900e-06	1.4107	4.53e-09
3.633400e-06	1.41062	-1.2e-08
3.636000e-06	1.41055	-7.16e-09
3.638500e-06	1.41048	-2.79e-09
3.641100e-06	1.41041	5.39e-09
3.643600e-06	1.41035	1.09e-08
3.646200e-06	1.41028	-2.98e-10
3.648800e-06	1.41022	7.39e-09
3.651300e-06	1.41015	7e-09
3.653900e-06	1.41009	1.03e-08
3.656500e-06	1.41003	8.81e-09
3.659100e-06	1.40997	-6.12e-09
3.661700e-06	1.40991	9.93e-10
3.664200e-06	1.40985	4.79e-09
3.666800e-06	1.40979	8.4e-09
3.669400e-06	1.40973	-2e-09
3.672000e-06	1.40968	-4.21e-12
3.674600e-06	1.40962	3.06e-09
3.677200e-06	1.40957	2.35e-09
3.679900e-06	1.40951	2.45e-09
3.682500e-06	1.40946	-2.05e-12
3.685100e-06	1.40941	5.16e-09
3.687700e-06	1.40936	1.11e-09
3.690300e-06	1.4093	6.08e-09
3.693000e-06	1.40925	4.5e-09
3.695600e-06	1.4092	8.89e-09
3.698200e-06	1.40915	1.11e-09
3.700900e-06	1.40911	3.84e-09
3.703500e-06	1.40906	5.04e-09
3.706200e-06	1.40901	8.75e-09
3.708800e-06	1.40896	3.72e-09
3.711500e-06	1.40891	1.53e-09
3.714100e-06	1.40887	1.14e-08
3.716800e-06	1.40882	8.23e-09
3.719400e-06	1.40878	-4.06e-09
3.722100e-06	1.40873	7.54e-09
3.724800e-06	1.40869	-8e-09
3.727500e-06	1.40864	6.82e-09
3.730200e-06	1.4086	6.19e-10
3.732800e-06	1.40856	6.89e-09
3.735500e-06	1.40851	-2.37e-09
3.738200e-06	1.40847	9.04e-09
3.740900e-06	1.40843	-8.84e-09
3.743600e-06	1.40838	8.37e-09
3.746300e-06	1.40834	-1.01e-08
3.749000e-06	1.4083	1.14e-08
3.751700e-06	1.40826	9e-09
3.754500e-06	1.40822	3.01e-10
3.757200e-06	1.40818	3.07e-09
3.759900e-06	1.40814	1.03e-08
3.762600e-06	1.4081	3.38e-09
3.765400e-06	1.40806	8.67e-09
3.768100e-06	1.40802	-7.02e-10
3.770800e-06	1.40798	8.22e-09
3.773600e-06	1.40794	5.03e-09
3.776300e-06	1.4079	1.03e-08
3.779100e-06	1.40786	1.01e-08
3.781800e-06	1.40783	7.61e-09
3.784600e-06	1.40779	-9.98e-10
3.787400e-06	1.40775	1.03e-09
3.790100e-06	1.40771	2.81e-09
3.792900e-06	1.40767	1.03e-08
3.795700e-06	1.40764	1.03e-09
3.798500e-06	1.4076	8.27e-09
3.801300e-06	1.40756	1.02e-08
3.804000e-06	1.40753	4.62e-09
3.806800e-06	1.40749	-9.9e-10
3.809600e-06	1.40745	8.98e-09
3.812400e-06	1.40742	7.84e-09
3.815200e-06	1.40738	7.6e-09
3.818000e-06	1.40735	6.84e-09
3.820900e-06	1.40731	9.23e-09
3.823700e-06	1.40728	8.35e-09
3.826500e-06	1.40724	-2.68e-09
3.829300e-06	1.40721	9.2e-09
3.832200e-06	1.40717	-1.78e-09
3.835000e-06	1.40714	9.3e-09
3.837800e-06	1.4071	1.16e-08
3.840700e-06	1.40707	3.26e-09
3.843500e-06	1.40703	-5.83e-09
3.846400e-06	1.407	-6.82e-09
3.849200e-06	1.40696	-1.93e-09
3.852100e-06	1.40693	2.05e-09
3.855000e-06	1.40689	6.4e-09
3.857800e-06	1.40686	1.23e-08
3.860700e-06	1.40683	1.08e-08
3.863600e-06	1.40679	2.73e-09
3.866400e-06	1.40676	-6.78e-09
3.869300e-06	1.40673	1.26e-08
3.872200e-06	1.40669	6.86e-10
3.875100e-06	1.40666	1.26e-08
3.878000e-06	1.40663	1.18e-09
3.880900e-06	1.40659	4.54e-10
3.883800e-06	1.40656	4.92e-09
3.886700e-06	1.40653	-2.26e-10
3.889700e-06	1.4065	1.11e-08
3.892600e-06	1.40646	2.64e-09
3.895500e-06	1.40643	4.39e-09
3.898400e-06	1.4064	1.47e-08
3.901400e-06	1.40636	1.07e-08
3.904300e-06	1.40633	-2.55e-09
3.907200e-06	1.4063	7.45e-09
3.910200e-06	1.40627	2.03e-09
3.913100e-06	1.40624	-5.37e-09
3.916100e-06	1.4062	-4.04e-09
3.919100e-06	1.40617	-3.38e-09
3.922000e-06	1.40614	1.09e-08
3.925000e-06	1.40611	9.32e-09
3.928000e-06	1.40608	1.26e-08
3.930900e-06	1.40604	1.03e-08
3.933900e-06	1.40601	4.92e-09
3.936900e-06	1.40598	-6.71e-10
3.939900e-06	1.40595	7.71e-09
3.942900e-06	1.40592	-7.84e-09
3.945900e-06	1.40588	-6.54e-09
3.948900e-06	1.40585	1.25e-09
3.951900e-06	1.40582	3.6e-09
3.954900e-06	1.40579	-1.4e-09
3.957900e-06	1.40576	7.45e-09
3.961000e-06	1.40573	9.66e-09
3.964000e-06	1.4057	-1.33e-09
3.967000e-06	1.40566	7.19e-09
3.970100e-06	1.40563	1.59e-09
3.973100e-06	1.4056	-7.67e-09
3.976200e-06	1.40557	7.07e-09
3.979200e-06	1.40554	5.96e-09
3.982300e-06	1.40551	-2.85e-09
3.985300e-06	1.40548	-3.26e-09
3.988400e-06	1.40545	7.12e-09
3.991500e-06	1.40541	9.28e-09
3.994500e-06	1.40538	-3.71e-11
3.997600e-06	1.40535	6.77e-10
4.000700e-06	1.40532	1.12e-08
4.003800e-06	1.40529	1.07e-08
4.006900e-06	1.40526	3e-09
4.010000e-06	1.40523	5.71e-09
4.013100e-06	1.4052	8.48e-09
4.016200e-06	1.40517	3.91e-09
4.019300e-06	1.40513	4.34e-09
4.022400e-06	1.4051	-1.86e-09
4.025500e-06	1.40507	3.23e-10
4.028700e-06	1.40504	5.59e-09
4.031800e-06	1.40501	-1.18e-09
4.034900e-06	1.40498	-8.61e-09
4.038100e-06	1.40495	-3.39e-11
4.041200e-06	1.40492	7.2e-09
4.044400e-06	1.40489	-1.88e-09
4.047500e-06	1.40486	4.61e-09
4.050700e-06	1.40482	4.37e-09
4.053900e-06	1.40479	6.12e-09
4.057000e-06	1.40476	4.81e-09
4.060200e-06	1.40473	2.42e-09
4.063400e-06	1.4047	1.98e-09
4.066600e-06	1.40467	1.05e-09
4.069800e-06	1.40464	3.1e-09
4.073000e-06	1.40461	6.28e-10
4.076200e-06	1.40458	4.53e-09
4.079400e-06	1.40454	5.43e-09
4.082600e-06	1.40451	3.39e-09
4.085800e-06	1.40448	7.08e-09
4.089000e-06	1.40445	1.41e-09
4.092300e-06	1.40442	5.4e-09
4.095500e-06	1.40439	9.44e-09
4.098700e-06	1.40436	9.88e-10
4.102000e-06	1.40433	1.01e-08
4.105200e-06	1.4043	4.09e-09
4.108500e-06	1.40426	3.67e-09
4.111700e-06	1.40423	2.05e-09
4.115000e-06	1.4042	5.99e-09
4.118300e-06	1.40417	6.07e-09
4.121500e-06	1.40414	-4.35e-09
4.124800e-06	1.40411	6.89e-09
4.128100e-06	1.40408	8.57e-09
4.131400e-06	1.40404	5.39e-09
4.134700e-06	1.40401	9.31e-09
4.138000e-06	1.40398	2.69e-09
4.141300e-06	1.40395	4.74e-10
4.144600e-06	1.40392	-6.21e-10
4.147900e-06	1.40389	6.25e-09
4.151200e-06	1.40386	-1.04e-09
4.154600e-06	1.40382	4.79e-09
4.157900e-06	1.40379	6.91e-09
4.161200e-06	1.40376	5.86e-09
4.164600e-06	1.40373	2.9e-10
4.167900e-06	1.4037	2.71e-09
4.171300e-06	1.40366	-5.85e-09
4.174600e-06	1.40363	-5.08e-10
4.178000e-06	1.4036	7.53e-09
4.181400e-06	1.40357	1.88e-09
4.184800e-06	1.40354	1.03e-08
4.188100e-06	1.4035	5.36e-09
4.191500e-06	1.40347	2.6e-09
4.194900e-06	1.40344	-2.23e-09
4.198300e-06	1.40341	5.23e-09
4.201700e-06	1.40338	6.07e-09
4.205100e-06	1.40334	8.15e-09
4.208500e-06	1.40331	2.64e-09
4.211900e-06	1.40328	-4.72e-09
4.215400e-06	1.40325	6.2e-09
4.218800e-06	1.40321	2.71e-09
4.222200e-06	1.40318	5.88e-09
4.225700e-06	1.40315	-3.09e-10
4.229100e-06	1.40312	6.83e-09
4.232600e-06	1.40308	6.26e-09
4.236000e-06	1.40305	6.09e-09
4.239500e-06	1.40302	7.11e-11
4.243000e-06	1.40298	2.73e-09
4.246400e-06	1.40295	-1.92e-09
4.249900e-06	1.40292	8.6e-09
4.253400e-06	1.40289	3.97e-09
4.256900e-06	1.40285	9.67e-09
4.260400e-06	1.40282	-4.86e-09
4.263900e-06	1.40279	5.25e-09
4.267400e-06	1.40275	-2.12e-09
4.270900e-06	1.40272	4.84e-09
4.274500e-06	1.40269	7.65e-11
4.278000e-06	1.40265	9.3e-09
4.281500e-06	1.40262	-4.85e-10
4.285000e-06	1.40259	5.28e-09
4.288600e-06	1.40255	5.89e-09
4.292100e-06	1.40252	-1.17e-09
4.295700e-06	1.40248	4.01e-09
4.299300e-06	1.40245	-6.46e-09
4.302800e-06	1.40242	8.1e-09
4.306400e-06	1.40238	-4.64e-09
4.310000e-06	1.40235	6.43e-09
4.313600e-06	1.40231	-3.52e-09
4.317200e-06	1.40228	8.14e-09
4.320800e-06	1.40225	-1.52e-09
4.324400e-06	1.40221	-1.39e-09
4.328000e-06	1.40218	4.02e-09
4.331600e-06	1.40214	-1.93e-09
4.335200e-06	1.40211	-2.91e-09
4.338800e-06	1.40207	2.29e-09
4.342500e-06	1.40204	3.02e-09
4.346100e-06	1.402	7.71e-09
4.349800e-06	1.40197	5.42e-09
4.353400e-06	1.40193	-6.01e-09
4.357100e-06	1.4019	1.02e-09
4.360700e-06	1.40186	1.01e-08
4.364400e-06	1.40183	6.06e-09
4.368100e-06	1.40179	-2.41e-09
4.371800e-06	1.40176	5.45e-09
4.375500e-06	1.40172	5.43e-09
4.379100e-06	1.40168	9.51e-09
4.382800e-06	1.40165	-6.3e-09
4.386600e-06	1.40161	3.15e-09
4.390300e-06	1.40158	6.25e-09
4.394000e-06	1.40154	-6.4e-09
4.397700e-06	1.4015	1.36e-09
4.401500e-06	1.40147	6.51e-09
4.405200e-06	1.40143	8.33e-09
4.408900e-06	1.4014	7.29e-09
4.412700e-06	1.40136	1.94e-09
4.416400e-06	1.40132	4.44e-09
4.420200e-06	1.40129	3.63e-09
4.424000e-06	1.40125	1.29e-09
4.427800e-06	1.40121	4.94e-09
4.431500e-06	1.40117	-5.75e-09
4.435300e-06	1.40114	2.22e-09
4.439100e-06	1.4011	2.56e-09
4.442900e-06	1.40106	-2.29e-09
4.446700e-06	1.40103	-1.45e-09
4.450600e-06	1.40099	5.03e-09
4.454400e-06	1.40095	-2.83e-09
4.458200e-06	1.40091	-4.02e-09
4.462100e-06	1.40087	-4.17e-09
4.465900e-06	1.40084	4.79e-09
4.469700e-06	1.4008	-2.18e-09
4.473600e-06	1.40076	1.43e-09
4.477500e-06	1.40072	-7.79e-09
4.481300e-06	1.40068	7.25e-09
4.485200e-06	1.40064	-4.87e-09
4.489100e-06	1.40061	2.57e-09
4.493000e-06	1.40057	3.11e-09
4.496900e-06	1.40053	-7.83e-10
4.500800e-06	1.40049	6.16e-10
4.504700e-06	1.40045	3.92e-09
4.508600e-06	1.40041	6.4e-09
4.512500e-06	1.40037	8.7e-09
4.516500e-06	1.40033	1.57e-09
4.520400e-06	1.40029	3.71e-09
4.524400e-06	1.40025	-6.34e-09
4.528300e-06	1.40021	6.98e-09
4.532300e-06	1.40017	-6e-09
4.536200e-06	1.40013	-4.16e-09
4.540200e-06	1.40009	3.13e-09
4.544200e-06	1.40005	2.13e-10
4.548200e-06	1.40001	6.26e-09
4.552200e-06	1.39997	5.31e-09
4.556200e-06	1.39993	1.79e-10
4.560200e-06	1.39989	7.4e-09
4.564200e-06	1.39985	1.27e-10
4.568200e-06	1.39981	-1.45e-09
4.572200e-06	1.39977	5.43e-09
4.576300e-06	1.39972	-1.39e-10
4.580300e-06	1.39968	3.01e-09
4.584400e-06	1.39964	4.52e-09
4.588400e-06	1.3996	-5.54e-09
4.592500e-06	1.39956	-1.16e-09
4.596500e-06	1.39951	4.89e-09
4.600600e-06	1.39947	2.92e-09
4.604700e-06	1.39943	-1.04e-09
4.608800e-06	1.39939	2.04e-09
4.612900e-06	1.39934	-2.33e-09
4.617000e-06	1.3993	-1.69e-09
4.621100e-06	1.39926	6.9e-09
4.625300e-06	1.39921	-3.11e-09
4.629400e-06	1.39917	2.16e-09
4.633500e-06	1.39913	-3.02e-09
4.637700e-06	1.39908	-9.82e-11
4.641800e-06	1.39904	9.01e-12
4.646000e-06	1.39899	3e-09
4.650100e-06	1.39895	5.89e-09
4.654300e-06	1.39891	1.16e-09
4.658500e-06	1.39886	-3.92e-11
4.662700e-06	1.39882	-1.24e-09
4.666900e-06	1.39877	6.29e-09
4.671100e-06	1.39873	5.21e-09
4.675300e-06	1.39868	5.73e-09
4.679500e-06	1.39864	3.16e-09
4.683700e-06	1.39859	-1.62e-09
4.688000e-06	1.39854	6.44e-09
4.692200e-06	1.3985	1.06e-09
4.696500e-06	1.39845	7.51e-10
4.700700e-06	1.39841	1.05e-09
4.705000e-06	1.39836	4.64e-09
4.709300e-06	1.39831	2.39e-09
4.713600e-06	1.39827	-2.04e-09
4.717800e-06	1.39822	4.91e-09
4.722100e-06	1.39817	4.39e-10
4.726400e-06	1.39812	-2.64e-09
4.730800e-06	1.39808	4.47e-09
4.735100e-06	1.39803	-4.22e-09
4.739400e-06	1.39798	3.84e-09
4.743700e-06	1.39793	7.19e-10
4.748100e-06	1.39788	-1.69e-09
4.752400e-06	1.39783	4.17e-09
4.756800e-06	1.39779	5.08e-09
4.761200e-06	1.39774	-1.13e-09
4.765500e-06	1.39769	5.21e-10
4.769900e-06	1.39764	4.69e-09
4.774300e-06	1.39759	3.86e-09
4.778700e-06	1.39754	4.57e-09
4.783100e-06	1.39749	2.06e-11
4.787500e-06	1.39744	-9.04e-10
4.792000e-06	1.39739	-1.36e-09
4.796400e-06	1.39734	-2.35e-10
4.800800e-06	1.39728	1.55e-09
4.805300e-06	1.39723	4.31e-09
4.809700e-06	1.39718	-1.69e-09
4.814200e-06	1.39713	4.75e-09
4.818700e-06	1.39708	1.65e-09
4.823200e-06	1.39703	-3.38e-09
4.827700e-06	1.39697	2.59e-09
4.832200e-06	1.39692	1.84e-09
4.836700e-06	1.39687	4.62e-09
4.841200e-06	1.39682	6.31e-09
4.845700e-06	1.39676	6.52e-09
4.850200e-06	1.39671	5.7e-09
4.854800e-06	1.39665	5.52e-10
4.859300e-06	1.3966	3.66e-09
4.863900e-06	1.39655	3.57e-09
4.868500e-06	1.39649	-1.98e-09
4.873000e-06	1.39644	2.84e-09
4.877600e-06	1.39638	4.63e-09
4.882200e-06	1.39633	5.91e-09
4.886800e-06	1.39627	-6.28e-09
4.891400e-06	1.39621	8.02e-10
4.896000e-06	1.39616	2.42e-09
4.900700e-06	1.3961	8.78e-10
4.905300e-06	1.39604	5.21e-09
4.910000e-06	1.39599	2.36e-09
4.914600e-06	1.39593	2.63e-09
4.919300e-06	1.39587	4.31e-09
4.923900e-06	1.39581	1.43e-09
4.928600e-06	1.39576	4.62e-09
4.933300e-06	1.3957	2.43e-09
4.938000e-06	1.39564	7.31e-09
4.942700e-06	1.39558	4.4e-09
4.947400e-06	1.39552	6.07e-09
4.952200e-06	1.39546	-1.77e-10
4.956900e-06	1.3954	1.65e-09
4.961600e-06	1.39534	-6.18e-10
4.966400e-06	1.39528	-2.78e-09
4.971200e-06	1.39522	9.66e-10
4.975900e-06	1.39516	-2.66e-09
4.980700e-06	1.3951	3.1e-09
4.985500e-06	1.39503	3.13e-09
4.990300e-06	1.39497	5.93e-09
4.995100e-06	1.39491	1.54e-09
4.999900e-06	1.39484	-3.03e-09
5.004700e-06	1.39478	-7.22e-10
5.009600e-06	1.39472	-1.01e-09
5.014400e-06	1.39465	-2.3e-09
5.019300e-06	1.39459	2.63e-10
5.024100e-06	1.39452	4.08e-09
5.029000e-06	1.39446	7.63e-10
5.033900e-06	1.39439	-2.98e-09
5.038800e-06	1.39433	3.58e-09
5.043700e-06	1.39426	-1.31e-09
5.048600e-06	1.39419	2.28e-09
5.053500e-06	1.39413	-3.87e-10
5.058400e-06	1.39406	-2.03e-09
5.063400e-06	1.39399	3.73e-09
5.068300e-06	1.39392	5.88e-09
5.073300e-06	1.39385	3.26e-09
5.078300e-06	1.39379	-1.46e-09
5.083200e-06	1.39372	-4.38e-09
5.088200e-06	1.39365	-1.96e-09
5.093200e-06	1.39358	1.17e-09
5.098200e-06	1.3935	-2.31e-10
5.103300e-06	1.39343	2.46e-09
5.108300e-06	1.39336	3.62e-10
5.113300e-06	1.39329	9.72e-10
5.118400e-06	1.39322	-4.64e-09
5.123400e-06	1.39314	-2.25e-09
5.128500e-06	1.39307	-1.97e-09
5.133600e-06	1.39299	6.74e-10
5.138700e-06	1.39292	-5.44e-10
5.143800e-06	1.39284	6.05e-09
5.148900e-06	1.39277	-1.1e-09
5.154000e-06	1.39269	2.13e-09
5.159100e-06	1.39262	-2.68e-09
5.164300e-06	1.39254	-5e-09
5.169400e-06	1.39246	3.75e-09
5.174600e-06	1.39238	-9.2e-10
5.179700e-06	1.3923	3.18e-09
5.184900e-06	1.39222	-1.9e-09
5.190100e-06	1.39214	-4.61e-09
5.195300e-06	1.39206	-1.71e-09
5.200500e-06	1.39198	2.51e-09
5.205700e-06	1.3919	5.25e-09
5.211000e-06	1.39182	2.71e-10
5.216200e-06	1.39173	-4.99e-10
5.221500e-06	1.39165	-3.36e-09
5.226700e-06	1.39156	-3.24e-09
5.232000e-06	1.39148	9.35e-10
5.237300e-06	1.39139	1.03e-09
5.242600e-06	1.39131	1.03e-09
5.247900e-06	1.39122	3.05e-09
5.253200e-06	1.39113	-2.18e-09
5.258500e-06	1.39104	-1.45e-09
5.263900e-06	1.39095	-2.17e-09
5.269200e-06	1.39086	9.48e-10
5.274600e-06	1.39077	3.7e-09
5.279900e-06	1.39068	9.57e-10
5.285300e-06	1.39058	-4.59e-09
5.290700e-06	1.39049	-3.06e-10
5.296100e-06	1.39039	-3.23e-09
5.301500e-06	1.3903	4.7e-10
5.307000e-06	1.3902	-3.83e-09
5.312400e-06	1.3901	2.66e-09
5.317900e-06	1.39	3.07e-09
5.323300e-06	1.3899	1.93e-08
5.328800e-06	1.3898	1.21e-07
5.334300e-06	1.3897	3.62e-07
5.339800e-06	1.38959	8.25e-07
5.345300e-06	1.38948	1.56e-06
5.350800e-06	1.38938	2.65e-06
5.356300e-06	1.38927	4.16e-06
5.361800e-06	1.38916	6.14e-06
5.367400e-06	1.38904	8.68e-06
5.373000e-06	1.38893	1.18e-05
5.378500e-06	1.38882	1.57e-05
5.384100e-06	1.3887	2.03e-05
5.389700e-06	1.38858	2.57e-05
5.395300e-06	1.38846	3.2e-05
5.400900e-06	1.38834	3.92e-05
5.406600e-06	1.38822	4.75e-05
5.412200e-06	1.38809	5.68e-05
5.417900e-06	1.38797	6.74e-05
5.423500e-06	1.38784	7.91e-05
5.429200e-06	1.38771	9.21e-05
5.434900e-06	1.38758	0.000106516
5.440600e-06	1.38745	0.000122321
5.446300e-06	1.38732	0.000139632
5.452100e-06	1.38718	0.000158504
5.457800e-06	1.38705	0.000178994
5.463500e-06	1.38691	0.000201193
5.469300e-06	1.38677	0.000225161
5.475100e-06	1.38663	0.000250937
5.480900e-06	1.38649	0.000278634
5.486700e-06	1.38635	0.000308299
5.492500e-06	1.38621	0.000339985
5.498300e-06	1.38607	0.00037379
5.504200e-06	1.38592	0.000409767
5.510000e-06	1.38578	0.000447962
5.515900e-06	1.38564	0.000488453
5.521700e-06	1.38549	0.000531201
5.527600e-06	1.38535	0.000576158
5.533500e-06	1.3852	0.000623343
5.539400e-06	1.38506	0.00067271
5.545400e-06	1.38491	0.000724203
5.551300e-06	1.38477	0.000777855
5.557200e-06	1.38462	0.000833619
5.563200e-06	1.38448	0.000891434
5.569200e-06	1.38433	0.000951329
5.575200e-06	1.38419	0.00101326
5.581200e-06	1.38405	0.00107719
5.587200e-06	1.3839	0.00114308
5.593200e-06	1.38376	0.00121096
5.599300e-06	1.38362	0.00128077
5.605300e-06	1.38348	0.00135244
5.611400e-06	1.38334	0.00142603
5.617500e-06	1.3832	0.00150149
5.623500e-06	1.38306	0.00157873
5.629700e-06	1.38293	0.00165782
5.635800e-06	1.38279	0.00173868
5.641900e-06	1.38266	0.00182126
5.648000e-06	1.38253	0.00190561
5.654200e-06	1.3824	0.00199167
5.660400e-06	1.38227	0.00207936
5.666600e-06	1.38214	0.00216874
5.672800e-06	1.38202	0.00225975
5.679000e-06	1.3819	0.00235231
5.685200e-06	1.38178	0.0024465
5.691400e-06	1.38166	0.00254223
5.697700e-06	1.38155	0.00263943
5.704000e-06	1.38145	0.00273817
5.710300e-06	1.38135	0.00283838
5.716500e-06	1.38126	0.00293971
5.722900e-06	1.38119	0.0030322
5.729200e-06	1.38113	0.00309339
5.735500e-06	1.38104	0.00312766
5.741900e-06	1.38092	0.00318792
5.748200e-06	1.38083	0.00328707
5.754600e-06	1.38079	0.0033402
5.761000e-06	1.38071	0.00330954
5.767400e-06	1.38051	0.00331854
5.773800e-06	1.38033	0.00345529
5.780300e-06	1.38028	0.00359893
5.786700e-06	1.38025	0.0036326
5.793200e-06	1.38013	0.00364221
5.799700e-06	1.38001	0.00373132
5.806200e-06	1.37998	0.00381439
5.812700e-06	1.37996	0.0037746
5.819200e-06	1.3798	0.00370215
5.825700e-06	1.37959	0.00374828
5.832300e-06	1.37948	0.00386044
5.838900e-06	1.37943	0.00389659
5.845400e-06	1.37934	0.00386674
5.852000e-06	1.37921	0.003868
5.858700e-06	1.37911	0.00388316
5.865300e-06	1.37904	0.00381355
5.871900e-06	1.37885	0.00368748
5.878600e-06	1.37857	0.00364854
5.885300e-06	1.37832	0.00371605
5.891900e-06	1.37816	0.0037662
5.898600e-06	1.37799	0.00376083
5.905400e-06	1.37776	0.00378926
5.912100e-06	1.3776	0.0038623
5.918800e-06	1.37752	0.00384339
5.925600e-06	1.37733	0.00369598
5.932400e-06	1.37698	0.00361955
5.939200e-06	1.37666	0.00372178
5.946000e-06	1.37651	0.00380031
5.952800e-06	1.37636	0.00369852
5.959700e-06	1.37603	0.00356291
5.966500e-06	1.37564	0.00354549
5.973400e-06	1.3753	0.00358058
5.980300e-06	1.37497	0.00357287
5.987200e-06	1.37459	0.0035526
5.994100e-06	1.37416	0.00357799
6.001100e-06	1.37374	0.00363508
6.008000e-06	1.37332	0.00368734
6.015000e-06	1.37286	0.00374219
6.022000e-06	1.37236	0.0038257
6.029000e-06	1.37184	0.00393604
6.036000e-06	1.37128	0.00405854
6.043000e-06	1.37064	0.00423313
6.050100e-06	1.36996	0.00453473
6.057100e-06	1.36935	0.00494259
6.064200e-06	1.36881	0.00535432
6.071300e-06	1.36822	0.00576903
6.078400e-06	1.3676	0.00629431
6.085600e-06	1.36706	0.00693674
6.092700e-06	1.36661	0.00756641
6.099900e-06	1.36609	0.00818341
6.107100e-06	1.36551	0.00901178
6.114300e-06	1.36516	0.0101067
6.121500e-06	1.36518	0.0111562
6.128700e-06	1.36532	0.0119518
6.136000e-06	1.36541	0.0126432
6.143300e-06	1.36551	0.0133665
6.150500e-06	1.36574	0.014054
6.157800e-06	1.36604	0.0146158
6.165200e-06	1.36636	0.0150174
6.172500e-06	1.36658	0.0152645
6.179900e-06	1.36664	0.0154954
6.187200e-06	1.36664	0.0158445
6.194600e-06	1.36676	0.0161962
6.202000e-06	1.36688	0.0163785
6.209500e-06	1.36683	0.0164718
6.216900e-06	1.36662	0.0166517
6.224400e-06	1.36642	0.0169111
6.231900e-06	1.36621	0.0171474
6.239400e-06	1.36593	0.0173354
6.246900e-06	1.36551	0.0175035
6.254400e-06	1.36492	0.0176863
6.262000e-06	1.36411	0.0179227
6.269500e-06	1.36303	0.0182659
6.277100e-06	1.3616	0.0187882
6.284700e-06	1.35966	0.0196838
6.292400e-06	1.35719	0.0213009
6.300000e-06	1.35421	0.0241872
6.307700e-06	1.35131	0.0291631
6.315400e-06	1.34995	0.0365872
6.323100e-06	1.35171	0.0459186
6.330800e-06	1.35867	0.0552252
6.338500e-06	1.3703	0.0599055
6.346300e-06	1.38079	0.0579193
6.354100e-06	1.38664	0.0544025
6.361800e-06	1.39165	0.0533743
6.369700e-06	1.39934	0.0517043
6.377500e-06	1.40749	0.045908
6.385400e-06	1.41279	0.0369276
6.393200e-06	1.41412	0.0268094
6.401100e-06	1.41144	0.0178177
6.409000e-06	1.40642	0.0120004
6.417000e-06	1.4015	0.00913365
6.424900e-06	1.39764	0.00800949
6.432900e-06	1.39505	0.00757195
6.440900e-06	1.3933	0.00691497
6.448900e-06	1.39156	0.00600456
6.456900e-06	1.3897	0.00535408
6.465000e-06	1.38813	0.00496899
6.473000e-06	1.38677	0.00445597
6.481100e-06	1.38517	0.00388668
6.489200e-06	1.38339	0.00378611
6.497400e-06	1.38206	0.00414694
6.505500e-06	1.38128	0.00430585
6.513700e-06	1.38042	0.0040541
6.521900e-06	1.37925	0.00390286
6.530100e-06	1.37821	0.00407756
6.538300e-06	1.37749	0.00418645
6.546600e-06	1.37675	0.00400607
6.554900e-06	1.37575	0.00382675
6.563200e-06	1.37471	0.00387029
6.571500e-06	1.37381	0.00398161
6.579800e-06	1.3729	0.00402914
6.588200e-06	1.37191	0.00418153
6.596600e-06	1.37109	0.0045557
6.605000e-06	1.37062	0.00476928
6.613400e-06	1.37007	0.0044595
6.621900e-06	1.36893	0.00408542
6.630300e-06	1.36752	0.00425973
6.638800e-06	1.36646	0.00475727
6.647300e-06	1.36569	0.00506066
6.655900e-06	1.36479	0.00514956
6.664400e-06	1.36368	0.00525133
6.673000e-06	1.36244	0.00548473
6.681600e-06	1.36118	0.00588866
6.690200e-06	1.36001	0.00635277
6.698800e-06	1.35882	0.00666825
6.707500e-06	1.35727	0.00693187
6.716200e-06	1.35536	0.00752119
6.724900e-06	1.35341	0.00853253
6.733600e-06	1.35145	0.00973118
6.742400e-06	1.34916	0.0111763
6.751200e-06	1.34646	0.0133674
6.760000e-06	1.34366	0.0168481
6.768800e-06	1.34159	0.0221707
6.777700e-06	1.34207	0.0289424
6.786500e-06	1.34576	0.0348069
6.795400e-06	1.35092	0.0380611
6.804300e-06	1.35591	0.0391696
6.813300e-06	1.36018	0.0388785
6.822300e-06	1.36359	0.0378018
6.831200e-06	1.36642	0.0363548
6.840200e-06	1.36888	0.0343046
6.849300e-06	1.37039	0.0314741
6.858300e-06	1.37047	0.0287025
6.867400e-06	1.36981	0.0269085
6.876500e-06	1.36945	0.0256253
6.885700e-06	1.36916	0.023976
6.894800e-06	1.36819	0.0220638
6.904000e-06	1.36645	0.0204339
6.913200e-06	1.36418	0.0193341
6.922400e-06	1.36158	0.0188275
6.931700e-06	1.35873	0.0188795
6.941000e-06	1.35543	0.0194399
6.950300e-06	1.35122	0.0215019
6.959600e-06	1.34773	0.026858
6.969000e-06	1.34884	0.033905
6.978300e-06	1.35421	0.0375022
6.987700e-06	1.35866	0.036158
6.997200e-06	1.35972	0.0331634
7.006600e-06	1.35828	0.030916
7.016100e-06	1.35538	0.0300363
7.025600e-06	1.35176	0.0308596
7.035200e-06	1.3481	0.0334544
7.044700e-06	1.34495	0.0378494
7.054300e-06	1.34303	0.0440442
7.063900e-06	1.34343	0.0516936
7.073500e-06	1.3469	0.0594471
7.083200e-06	1.35327	0.0658356
7.092900e-06	1.36174	0.0696078
7.102600e-06	1.37064	0.0699529
7.112400e-06	1.37831	0.0676256
7.122100e-06	1.38424	0.0637148
7.131900e-06	1.38835	0.0590289
7.141700e-06	1.39072	0.0542542
7.151600e-06	1.39166	0.0499521
7.161500e-06	1.39166	0.0465934
7.171400e-06	1.3914	0.0441947
7.181300e-06	1.39133	0.0425094
7.191300e-06	1.39172	0.0411426
7.201300e-06	1.39251	0.0396149
7.211300e-06	1.39336	0.0377194
7.221300e-06	1.39404	0.0354827
7.231400e-06	1.39435	0.033027
7.241500e-06	1.39423	0.0305654
7.251600e-06	1.3938	0.0282384
7.261800e-06	1.39314	0.0261002
7.272000e-06	1.39242	0.024106
7.282200e-06	1.39162	0.022067
7.292400e-06	1.39049	0.0199491
7.302700e-06	1.38894	0.0180233
7.313000e-06	1.38715	0.0164863
7.323300e-06	1.38529	0.0152958
7.333700e-06	1.38346	0.0143775
7.344100e-06	1.38166	0.013663
7.354500e-06	1.37988	0.0131053
7.364900e-06	1.37809	0.012723
7.375400e-06	1.37634	0.0125337
7.385900e-06	1.37463	0.0124837
7.396400e-06	1.37287	0.0125439
7.407000e-06	1.37098	0.0129453
7.417600e-06	1.36923	0.013955
7.428200e-06	1.36808	0.0154288
7.438900e-06	1.36775	0.0170247
7.449600e-06	1.3683	0.0182329
7.460300e-06	1.36934	0.0185068
7.471000e-06	1.37017	0.0178624
7.481800e-06	1.37049	0.0166775
7.492600e-06	1.37025	0.0152256
7.503500e-06	1.36943	0.0136929
7.514400e-06	1.368	0.0123475
7.525300e-06	1.36618	0.0115289
7.536200e-06	1.3645	0.0111984
7.547200e-06	1.36308	0.0108636
7.558200e-06	1.36148	0.010366
7.569200e-06	1.35954	0.010079
7.580300e-06	1.35762	0.0101771
7.591400e-06	1.3559	0.0103944
7.602500e-06	1.3542	0.0105307
7.613700e-06	1.35236	0.0106368
7.624900e-06	1.35028	0.010825
7.636100e-06	1.34796	0.0112835
7.647400e-06	1.34558	0.0121537
7.658700e-06	1.34333	0.0133675
7.670000e-06	1.34127	0.0148061
7.681300e-06	1.3394	0.0163192
7.692700e-06	1.33755	0.0177941
7.704200e-06	1.33553	0.0193651
7.715600e-06	1.33329	0.0212495
7.727100e-06	1.33093	0.0236777
7.738700e-06	1.32868	0.0268676
7.750200e-06	1.32691	0.0308516
7.761800e-06	1.32598	0.0355459
7.773500e-06	1.32627	0.0406489
7.785100e-06	1.32804	0.0457155
7.796900e-06	1.33139	0.0500347
7.808600e-06	1.33587	0.052752
7.820400e-06	1.34048	0.0536207
7.832200e-06	1.34453	0.0529298
7.844000e-06	1.34752	0.0511221
7.855900e-06	1.34926	0.0487798
7.867800e-06	1.34983	0.0464
7.879800e-06	1.34942	0.0443584
7.891800e-06	1.34838	0.0428661
7.903800e-06	1.34693	0.0418832
7.915900e-06	1.3451	0.0414579
7.928000e-06	1.34307	0.041863
7.940100e-06	1.34147	0.0431368
7.952300e-06	1.34065	0.0446463
7.964500e-06	1.34027	0.0458582
7.976800e-06	1.33992	0.0468625
7.989100e-06	1.33957	0.0478241
8.001400e-06	1.33926	0.0487298
8.013800e-06	1.33886	0.0495595
8.026200e-06	1.3383	0.0504789
8.038600e-06	1.33772	0.0516681
8.051100e-06	1.33734	0.0530469
8.063600e-06	1.33717	0.0544553
8.076200e-06	1.33716	0.055889
8.088800e-06	1.33743	0.0573768
8.101400e-06	1.33818	0.0585999
8.114100e-06	1.33906	0.0590952
8.126800e-06	1.33939	0.0590192
8.139600e-06	1.33906	0.058947
8.152400e-06	1.33833	0.0591662
8.165200e-06	1.33741	0.059711
8.178100e-06	1.33643	0.0605571
8.191000e-06	1.33547	0.0616296
8.204000e-06	1.33453	0.0629038
8.217000e-06	1.33364	0.0644202
8.230000e-06	1.33298	0.0661237
8.243100e-06	1.33254	0.0677993
8.256200e-06	1.33216	0.0693246
8.269400e-06	1.33169	0.0707768
8.282600e-06	1.3311	0.0722309
8.295800e-06	1.33036	0.0737139
8.309100e-06	1.32942	0.0752681
8.322500e-06	1.32825	0.0769909
8.335900e-06	1.32686	0.0789768
8.349300e-06	1.3253	0.0812718
8.362800e-06	1.32358	0.083904
8.376300e-06	1.32169	0.0868491
8.389800e-06	1.31944	0.0901262
8.403400e-06	1.3166	0.0940676
8.417100e-06	1.31329	0.0990687
8.430700e-06	1.30962	0.105258
8.444500e-06	1.30505	0.112863
8.458300e-06	1.29904	0.123799
8.472100e-06	1.29331	0.140721
8.485900e-06	1.29163	0.165156
8.499900e-06	1.29996	0.196942
8.513800e-06	1.32524	0.228714
8.527800e-06	1.36561	0.249423
8.541900e-06	1.41327	0.252613
8.556000e-06	1.45882	0.235781
8.570100e-06	1.49068	0.203942
8.584300e-06	1.50598	0.168388
8.598500e-06	1.50897	0.136268
8.612800e-06	1.50373	0.110322
8.627100e-06	1.49501	0.0916325
8.641500e-06	1.48594	0.0782991
8.655900e-06	1.47744	0.0684949
8.670400e-06	1.46981	0.0611107
8.684900e-06	1.46295	0.0552993
8.699500e-06	1.45672	0.0507172
8.714100e-06	1.45113	0.0471002
8.728800e-06	1.44616	0.0441335
8.743500e-06	1.44161	0.0415548
8.758300e-06	1.43727	0.0394205
8.773100e-06	1.43324	0.0378294
8.788000e-06	1.42967	0.0366268
8.802900e-06	1.42654	0.0355818
8.817900e-06	1.42372	0.0345405
8.832900e-06	1.42099	0.0334065
8.848000e-06	1.4181	0.0323149
8.863100e-06	1.41501	0.0315182
8.878300e-06	1.41183	0.0311778
8.893500e-06	1.40863	0.0314064
8.908800e-06	1.40556	0.0324646
8.924100e-06	1.40319	0.0346931
8.939500e-06	1.40267	0.0375071
8.954900e-06	1.40401	0.039433
8.970400e-06	1.40613	0.039681
8.986000e-06	1.40814	0.0383192
9.001600e-06	1.40927	0.0357008
9.017200e-06	1.40916	0.0325235
9.032900e-06	1.40783	0.0294281
9.048700e-06	1.40553	0.0269322
9.064500e-06	1.40281	0.0253449
9.080400e-06	1.40012	0.0245325
9.096300e-06	1.39769	0.0242965
9.112300e-06	1.39564	0.0244117
9.128400e-06	1.39399	0.0246611
9.144500e-06	1.39266	0.0248726
9.160600e-06	1.3915	0.0249213
9.176800e-06	1.39032	0.024845
9.193100e-06	1.38899	0.0247513
9.209400e-06	1.38748	0.0248899
9.225800e-06	1.386	0.0255191
9.242300e-06	1.38493	0.0266248
9.258800e-06	1.38462	0.0280326
9.275300e-06	1.38536	0.029194
9.292000e-06	1.38686	0.0294081
9.308600e-06	1.38844	0.0284344
9.325400e-06	1.38951	0.0263477
9.342200e-06	1.38948	0.0236511
9.359000e-06	1.38835	0.0211535
9.376000e-06	1.38668	0.0192239
9.393000e-06	1.38482	0.0178136
9.410000e-06	1.38299	0.0167993
9.427100e-06	1.38128	0.0159893
9.444300e-06	1.37964	0.015268
9.461500e-06	1.37805	0.0146305
9.478800e-06	1.37654	0.0140313
9.496200e-06	1.37509	0.0133424
9.513600e-06	1.3735	0.0125202
9.531100e-06	1.37167	0.0117206
9.548600e-06	1.36963	0.011094
9.566200e-06	1.36746	0.0107046
9.583900e-06	1.36528	0.0105786
9.601700e-06	1.36313	0.0106644
9.619500e-06	1.36093	0.0109611
9.637400e-06	1.35872	0.0117479
9.655300e-06	1.35704	0.0132207
9.673300e-06	1.35644	0.0147464
9.691400e-06	1.35657	0.0155402
9.709600e-06	1.35678	0.0155959
9.727800e-06	1.35693	0.0151749
9.746100e-06	1.35708	0.014164
9.764400e-06	1.35681	0.0123267
9.782800e-06	1.35545	0.0101373
9.801300e-06	1.35315	0.00846172
9.819900e-06	1.35065	0.00750541
9.838500e-06	1.34825	0.00697905
9.857200e-06	1.34598	0.0066946
9.876000e-06	1.34388	0.00656782
9.894900e-06	1.34199	0.00647386
9.913800e-06	1.34024	0.00624017
9.932800e-06	1.33841	0.00582446
9.951800e-06	1.33642	0.00536777
9.971000e-06	1.3343	0.0049651
9.990200e-06	1.3321	0.00461066
1.000900e-05	1.3298	0.00432268
1.002900e-05	1.32742	0.00418717
1.004800e-05	1.32511	0.00422251
1.006800e-05	1.32297	0.00425153
1.008700e-05	1.32085	0.00413449
1.010700e-05	1.31862	0.00395167
1.012700e-05	1.3163	0.00379718
1.014700e-05	1.31397	0.00364287
1.016600e-05	1.31157	0.00344536
1.018600e-05	1.30908	0.00324101
1.020700e-05	1.30652	0.00307352
1.022700e-05	1.30396	0.0028738
1.024700e-05	1.3013	0.00254929
1.026700e-05	1.29842	0.00217569
1.028800e-05	1.29532	0.00189676
1.030800e-05	1.29213	0.00171741
1.032800e-05	1.28884	0.00156489
1.034900e-05	1.28539	0.00145457
1.037000e-05	1.28178	0.00146405
1.039100e-05	1.27809	0.00159914
1.041100e-05	1.27428	0.00180604
1.043200e-05	1.27028	0.00218042
1.045300e-05	1.26622	0.00297535
1.047500e-05	1.26259	0.00409878
1.049600e-05	1.25949	0.00499442
1.051700e-05	1.25655	0.00529985
1.053800e-05	1.25338	0.00502575
1.056000e-05	1.24966	0.00432493
1.058100e-05	1.24525	0.00356683
1.060300e-05	1.24037	0.00301361
1.062500e-05	1.23518	0.00259606
1.064700e-05	1.22965	0.00224706
1.066900e-05	1.22374	0.00205655
1.069100e-05	1.21756	0.00209008
1.071300e-05	1.21121	0.00220127
1.073500e-05	1.20455	0.00223614
1.075700e-05	1.19739	0.0022595
1.077900e-05	1.18966	0.00239818
1.080200e-05	1.18136	0.00274656
1.082400e-05	1.1725	0.00338075
1.084700e-05	1.16311	0.00431282
1.087000e-05	1.15315	0.00553704
1.089300e-05	1.1425	0.00717163
1.091600e-05	1.13125	0.00939191
1.093900e-05	1.1196	0.0121816
1.096200e-05	1.10758	0.0153877
1.098500e-05	1.09514	0.018796
1.100800e-05	1.082	0.0221553
1.103200e-05	1.06759	0.0254594
1.105500e-05	1.05139	0.028964
1.107900e-05	1.03285	0.0331997
1.110300e-05	1.01173	0.0390467
1.112600e-05	0.988219	0.0471672
1.115000e-05	0.962188	0.0578412
1.117400e-05	0.932671	0.0720922
1.119900e-05	0.899364	0.0923604
1.122300e-05	0.863008	0.122191
1.124700e-05	0.827699	0.166624
1.127200e-05	0.803756	0.227248
1.129600e-05	0.801317	0.296565
1.132100e-05	0.826036	0.359955
1.134600e-05	0.868094	0.39826
1.137000e-05	0.904211	0.407789
1.139500e-05	0.921055	0.40326
1.142100e-05	0.917069	0.397442
1.144600e-05	0.89518	0.401813
1.147100e-05	0.865711	0.424884
1.149600e-05	0.839777	0.463749
1.152200e-05	0.820445	0.513044
1.154800e-05	0.808473	0.570573
1.157300e-05	0.80548	0.634485
1.159900e-05	0.812117	0.702022
1.162500e-05	0.827321	0.77123
1.165100e-05	0.850281	0.842486
1.167800e-05	0.881827	0.916157
1.170400e-05	0.923493	0.992354
1.173100e-05	0.977862	1.0704
1.175700e-05	1.04756	1.14816
1.178400e-05	1.13524	1.22254
1.181100e-05	1.2433	1.28791
1.183800e-05	1.37179	1.33801
1.186500e-05	1.51965	1.36228
1.189200e-05	1.67558	1.35089
1.191900e-05	1.82468	1.30386
1.194700e-05	1.9568	1.22608
1.197400e-05	2.06095	1.12662
1.200200e-05	2.13658	1.02142
1.203000e-05	2.19303	0.918351
1.205800e-05	2.23562	0.815043
1.208600e-05	2.26326	0.71073
1.211400e-05	2.27515	0.608401
1.214300e-05	2.27302	0.510719
1.217100e-05	2.2584	0.418301
1.220000e-05	2.23037	0.33223
1.222900e-05	2.18846	0.257612
1.225700e-05	2.13839	0.200583
1.228700e-05	2.08906	0.159713
1.231600e-05	2.04381	0.130013
1.234500e-05	2.00317	0.108198
1.237400e-05	1.96734	0.0918641
1.240400e-05	1.93582	0.0790981
1.243400e-05	1.90793	0.0684356
1.246400e-05	1.88247	0.0592122
1.249400e-05	1.85887	0.051513
1.252400e-05	1.83709	0.0452349
1.255400e-05	1.81697	0.0400164
1.258500e-05	1.79815	0.0356822
1.261500e-05	1.7804	0.0323379
1.264600e-05	1.76383	0.0299938
1.267700e-05	1.74845	0.0284486
1.270800e-05	1.73408	0.027607
1.273900e-05	1.72074	0.0276554
1.277100e-05	1.70897	0.028512
1.280200e-05	1.699	0.0293139
1.283400e-05	1.69016	0.0292807
1.286600e-05	1.68163	0.0283333
1.289800e-05	1.67255	0.0267052
1.293000e-05	1.66234	0.0253289
1.296200e-05	1.65127	0.0252246
1.299500e-05	1.64001	0.0269179
1.302700e-05	1.62939	0.0306676
1.306000e-05	1.62027	0.0360007
1.309300e-05	1.61266	0.0422622
1.312600e-05	1.60638	0.0496583
1.316000e-05	1.60242	0.0586286
1.319300e-05	1.60229	0.067891
1.322700e-05	1.60577	0.0752385
1.326100e-05	1.61133	0.0794519
1.329500e-05	1.61743	0.0800867
1.332900e-05	1.62219	0.0776369
1.336300e-05	1.6243	0.0734151
1.339800e-05	1.62281	0.0702843
1.343200e-05	1.62089	0.0725157
1.346700e-05	1.62693	0.0774076
1.350200e-05	1.64017	0.0737253
1.353800e-05	1.64781	0.058912
1.357300e-05	1.64475	0.0436299
1.360900e-05	1.63761	0.0344935
1.364500e-05	1.63144	0.028758
1.368000e-05	1.6259	0.0237246
1.371700e-05	1.62012	0.0193726
1.375300e-05	1.6143	0.0159418
1.379000e-05	1.60868	0.0132251
1.382600e-05	1.60324	0.0109843
1.386300e-05	1.59792	0.00920741
1.390100e-05	1.59278	0.00791271
1.393800e-05	1.58792	0.00700905
1.397500e-05	1.58336	0.00637485
1.401300e-05	1.57908	0.00589399
1.405100e-05	1.57496	0.00547629
1.408900e-05	1.57085	0.0052165
1.412800e-05	1.56681	0.00528622
1.416600e-05	1.563	0.00574066
1.420500e-05	1.55963	0.00655254
1.424400e-05	1.55693	0.00748892
1.428300e-05	1.55489	0.00817548
1.432300e-05	1.5533	0.0082964
1.436300e-05	1.55175	0.00760634
1.440300e-05	1.54957	0.00633286
1.444300e-05	1.54664	0.00518124
1.448300e-05	1.54345	0.00449854
1.452400e-05	1.54028	0.00414189
1.456400e-05	1.5372	0.00396319
1.460500e-05	1.53421	0.00385751
1.464700e-05	1.53125	0.00375097
1.468800e-05	1.52822	0.0036234
1.473000e-05	1.52499	0.00353515
1.477200e-05	1.52157	0.00372235
1.481400e-05	1.51832	0.00423829
1.485600e-05	1.51532	0.0045198
1.489900e-05	1.5117	0.00425338
1.494200e-05	1.50677	0.00446152
1.498500e-05	1.50111	0.00628972
1.502900e-05	1.49581	0.00998805
1.507200e-05	1.49196	0.0153468
1.511600e-05	1.49037	0.0209901
1.516100e-05	1.48996	0.0254826
1.520500e-05	1.48924	0.0299276
1.525000e-05	1.4897	0.0361058
1.529500e-05	1.49407	0.0421103
1.534000e-05	1.50141	0.0443634
1.538500e-05	1.50844	0.0419886
1.543100e-05	1.51287	0.0359048
1.547700e-05	1.51289	0.0283271
1.552400e-05	1.50908	0.0223871
1.557000e-05	1.50427	0.0187443
1.561700e-05	1.49904	0.0156478
1.566400e-05	1.49173	0.0130639
1.571200e-05	1.48232	0.0131333
1.576000e-05	1.47303	0.0162269
1.580800e-05	1.46319	0.0199017
1.585600e-05	1.44635	0.028125
1.590500e-05	1.42843	0.0570844
1.595400e-05	1.4418	0.104724
1.600300e-05	1.49323	0.127861
1.605200e-05	1.54014	0.105786
1.610200e-05	1.5559	0.0675581
1.615200e-05	1.54952	0.0381324
1.620300e-05	1.53495	0.0209739
1.625400e-05	1.52029	0.0148794
1.630500e-05	1.51075	0.0140929
1.635600e-05	1.50444	0.012592
1.640800e-05	1.49736	0.0109366
1.646000e-05	1.49009	0.0115052
1.651200e-05	1.48475	0.0135365
1.656500e-05	1.48112	0.0150951
1.661800e-05	1.47789	0.0157848
1.667200e-05	1.4746	0.0159861
1.672600e-05	1.47116	0.0157062
1.678000e-05	1.4671	0.0147604
1.683400e-05	1.46162	0.0137378
1.688900e-05	1.45494	0.0137866
1.694400e-05	1.44823	0.0150368
1.700000e-05	1.44178	0.0166312
1.705600e-05	1.43502	0.0180872
1.711200e-05	1.42733	0.0194145
1.716900e-05	1.41794	0.0211376
1.722600e-05	1.40686	0.0244669
1.728300e-05	1.39538	0.0295549
1.734100e-05	1.3832	0.0346174
1.739900e-05	1.3667	0.0398264
1.745800e-05	1.34448	0.0499403
1.751700e-05	1.32057	0.0675051
1.757600e-05	1.29402	0.0874723
1.763600e-05	1.24604	0.116016
1.769600e-05	1.17869	0.19993
1.775700e-05	1.16993	0.366571
1.781800e-05	1.28087	0.533918
1.787900e-05	1.48545	0.621848
1.794100e-05	1.71757	0.578012
1.800300e-05	1.87085	0.404594
1.806600e-05	1.88087	0.210254
1.812900e-05	1.8016	0.100724
1.819300e-05	1.73608	0.0696124
1.825700e-05	1.70459	0.054755
1.832100e-05	1.67867	0.0378232
1.838600e-05	1.65263	0.0286603
1.845200e-05	1.634	0.026874
1.851800e-05	1.62259	0.0242358
1.858400e-05	1.61128	0.0193028
1.865100e-05	1.5987	0.0169654
1.871800e-05	1.58911	0.0180095
1.878600e-05	1.5833	0.018387
1.885400e-05	1.5777	0.0167043
1.892300e-05	1.57088	0.0155136
1.899200e-05	1.5647	0.0160441
1.906200e-05	1.56007	0.0168721
1.913200e-05	1.55594	0.0170858
1.920300e-05	1.55148	0.0173307
1.927500e-05	1.54674	0.0184014
1.934700e-05	1.54231	0.0209915
1.941900e-05	1.53975	0.0251845
1.949200e-05	1.54009	0.0292081
1.956600e-05	1.54254	0.0312013
1.964000e-05	1.54555	0.0303136
1.971400e-05	1.54671	0.0265401
1.979000e-05	1.5443	0.022735
1.986600e-05	1.54037	0.0219162
1.994200e-05	1.53808	0.0229896
2.001900e-05	1.53735	0.0235516
2.009700e-05	1.53666	0.0232089
2.017500e-05	1.53537	0.0225255
2.025400e-05	1.53334	0.0222722
2.033300e-05	1.53122	0.0232423
2.041300e-05	1.53024	0.0250025
2.049400e-05	1.53031	0.0263224
2.057500e-05	1.53037	0.0271522
2.065700e-05	1.53046	0.0284115
2.074000e-05	1.53168	0.0299565
2.082300e-05	1.53403	0.0305478
2.090700e-05	1.53631	0.0299305
2.099200e-05	1.53833	0.0291199
2.107700e-05	1.54141	0.0279019
2.116300e-05	1.54515	0.024091
2.125000e-05	1.54617	0.0174392
2.133700e-05	1.54312	0.0116085
2.142500e-05	1.53887	0.00906991
2.151400e-05	1.53586	0.00840208
2.160400e-05	1.53415	0.00791298
2.169400e-05	1.53307	0.00681856
2.178500e-05	1.53157	0.0048461
2.187700e-05	1.52885	0.00299297
2.197000e-05	1.52548	0.00232877
2.206300e-05	1.52241	0.00284519
2.215800e-05	1.52021	0.00414767
2.225300e-05	1.51912	0.00544855
2.234900e-05	1.51846	0.00600146
2.244500e-05	1.5173	0.00645687
2.254300e-05	1.51639	0.00787744
2.264200e-05	1.51717	0.00925076
2.274100e-05	1.5187	0.00863158
2.284100e-05	1.51857	0.00670335
2.294200e-05	1.51701	0.00578847
2.304400e-05	1.51612	0.00592748
2.314700e-05	1.51589	0.00532663
2.325100e-05	1.51443	0.00421545
2.335500e-05	1.51211	0.00485482
2.346100e-05	1.51192	0.00696424
2.356800e-05	1.51395	0.00705214
2.367500e-05	1.51425	0.00443379
2.378400e-05	1.51165	0.00287138
2.389400e-05	1.50956	0.00410773
2.400400e-05	1.5098	0.00544556
2.411600e-05	1.51052	0.00500004
2.422900e-05	1.51014	0.00383294
2.434200e-05	1.50889	0.00314042
2.445700e-05	1.50746	0.0033586
2.457300e-05	1.5069	0.00440204
2.469000e-05	1.50767	0.00480192
2.480800e-05	1.50805	0.00346383
2.492700e-05	1.5065	0.00227215
2.504800e-05	1.50484	0.00325534
2.516900e-05	1.50542	0.00463877
2.529200e-05	1.50685	0.00384142
2.541600e-05	1.50652	0.00191883
2.554100e-05	1.50494	0.001194
2.566800e-05	1.50406	0.00147347
2.579600e-05	1.50393	0.00132836
2.592500e-05	1.50348	0.000644919
2.605500e-05	1.50254	0.000140645
2.618600e-05	1.50161	4.98e-06
2.631900e-05	1.50085	-7.6e-15
2.645400e-05	1.50018	-1.24e-14
2.658900e-05	1.49957	-8.12e-15
2.672600e-05	1.49898	-5.11e-15
2.686500e-05	1.49842	-7.89e-15
2.700500e-05	1.49787	-2.88e-15
2.714600e-05	1.49732	-3.3e-15
2.728900e-05	1.49676	5.27e-15
2.743300e-05	1.49613	6.56e-07
2.757900e-05	1.49531	0.000126355
2.772700e-05	1.49445	0.000770635
2.787600e-05	1.49434	0.00194787
2.802700e-05	1.4953	0.00255427
2.817900e-05	1.49618	0.00181347
2.833300e-05	1.49597	0.000655211
2.848800e-05	1.49513	9.34e-05
2.864600e-05	1.4944	5.78e-08
2.880500e-05	1.49386	4.95e-16
2.896600e-05	1.4934	3.17e-16
2.912900e-05	1.49295	-4.24e-16
2.929300e-05	1.49252	-5.59e-16
2.946000e-05	1.49206	7e-16
2.962800e-05	1.49158	-3.12e-16
2.979800e-05	1.49101	-1.27e-16
2.997100e-05	1.4903	-2.12e-16
3.014500e-05	1.48915	5.51e-05
3.032100e-05	1.48726	0.00103216
3.049900e-05	1.486	0.00426928
3.068000e-05	1.48829	0.00814609
3.086300e-05	1.49316	0.00844231
3.104700e-05	1.49564	0.00493956
3.123400e-05	1.49435	0.00185475
3.142400e-05	1.49207	0.00132513
3.161500e-05	1.49059	0.002324
3.180900e-05	1.49021	0.00379194
3.200600e-05	1.49078	0.00500656
3.220400e-05	1.49181	0.00538734
3.240600e-05	1.49243	0.00458034
3.261000e-05	1.49079	0.00325421
3.281600e-05	1.48667	0.00462887
3.302500e-05	1.48394	0.010752
3.323700e-05	1.48591	0.0185169
