Wavelength(m)	n	k
# material: Au
# source: lab MATLAB library, optprop_Au_Palik.m (inline Drude fit)
# model: eps = 1 - wp^2/(w^2 + i*Gamma*w), wp = 2pi*1.85e15, Gamma = 2pi*14.5355e12
# note: free-electron Drude only, no interband term; unreliable below roughly 1 um
# type: model
# range: 5.0000e-07 - 5.0000e-05 m
# converted: 2026-07-31 by tools/convert_matlab_optprop.py
5.000000e-07	0.0395199	2.91823
5.023102e-07	0.0398644	2.93329
5.046311e-07	0.040212	2.94841
5.069627e-07	0.040563	2.96359
5.093051e-07	0.0409172	2.97883
5.116583e-07	0.0412747	2.99413
5.140224e-07	0.0416355	3.0095
5.163974e-07	0.0419997	3.02493
5.187833e-07	0.0423674	3.04042
5.211803e-07	0.0427384	3.05597
5.235884e-07	0.0431129	3.07159
5.260076e-07	0.043491	3.08728
5.284380e-07	0.0438725	3.10303
5.308796e-07	0.0442576	3.11884
5.333325e-07	0.0446463	3.13472
5.357967e-07	0.0450387	3.15067
5.382723e-07	0.0454347	3.16668
5.407594e-07	0.0458344	3.18276
5.432579e-07	0.0462378	3.19891
5.457680e-07	0.0466449	3.21512
5.482896e-07	0.0470559	3.2314
5.508230e-07	0.0474707	3.24775
5.533680e-07	0.0478894	3.26416
5.559248e-07	0.048312	3.28065
5.584934e-07	0.0487385	3.2972
5.610739e-07	0.0491689	3.31382
5.636663e-07	0.0496034	3.33052
5.662707e-07	0.050042	3.34728
5.688871e-07	0.0504846	3.36411
5.715156e-07	0.0509313	3.38102
5.741562e-07	0.0513822	3.39799
5.768091e-07	0.0518373	3.41504
5.794742e-07	0.0522966	3.43216
5.821516e-07	0.0527603	3.44935
5.848414e-07	0.0532282	3.46661
5.875436e-07	0.0537004	3.48395
5.902583e-07	0.0541771	3.50136
5.929855e-07	0.0546582	3.51884
5.957253e-07	0.0551438	3.5364
5.984779e-07	0.0556339	3.55403
6.012431e-07	0.0561285	3.57173
6.040211e-07	0.0566278	3.58952
6.068119e-07	0.0571316	3.60737
6.096156e-07	0.0576402	3.62531
6.124323e-07	0.0581535	3.64332
6.152620e-07	0.0586716	3.6614
6.181048e-07	0.0591944	3.67957
6.209607e-07	0.0597222	3.69781
6.238298e-07	0.0602548	3.71613
6.267121e-07	0.0607924	3.73453
6.296078e-07	0.061335	3.753
6.325169e-07	0.0618826	3.77156
6.354394e-07	0.0624353	3.79019
6.383754e-07	0.0629932	3.80891
6.413249e-07	0.0635562	3.8277
6.442881e-07	0.0641244	3.84658
6.472650e-07	0.0646979	3.86554
6.502556e-07	0.0652768	3.88457
6.532601e-07	0.065861	3.90369
6.562784e-07	0.0664506	3.9229
6.593107e-07	0.0670458	3.94218
6.623570e-07	0.0676464	3.96155
6.654174e-07	0.0682526	3.981
6.684919e-07	0.0688644	4.00054
6.715806e-07	0.0694819	4.02016
6.746836e-07	0.0701052	4.03987
6.778009e-07	0.0707342	4.05966
6.809326e-07	0.0713691	4.07953
6.840788e-07	0.0720098	4.0995
6.872395e-07	0.0726565	4.11955
6.904149e-07	0.0733092	4.13968
6.936049e-07	0.0739679	4.15991
6.968096e-07	0.0746328	4.18022
7.000292e-07	0.0753038	4.20062
7.032636e-07	0.075981	4.2211
7.065130e-07	0.0766645	4.24168
7.097774e-07	0.0773544	4.26235
7.130569e-07	0.0780506	4.2831
7.163515e-07	0.0787533	4.30395
7.196613e-07	0.0794625	4.32489
7.229865e-07	0.0801783	4.34592
7.263270e-07	0.0809007	4.36704
7.296829e-07	0.0816298	4.38825
7.330543e-07	0.0823657	4.40956
7.364414e-07	0.0831084	4.43096
7.398440e-07	0.083858	4.45245
7.432624e-07	0.0846145	4.47404
7.466966e-07	0.085378	4.49572
7.501467e-07	0.0861486	4.51749
7.536127e-07	0.0869263	4.53936
7.570947e-07	0.0877113	4.56133
7.605928e-07	0.0885035	4.58339
7.641070e-07	0.089303	4.60555
7.676375e-07	0.09011	4.62781
7.711843e-07	0.0909244	4.65017
7.747475e-07	0.0917464	4.67262
7.783272e-07	0.092576	4.69517
7.819234e-07	0.0934133	4.71782
7.855362e-07	0.0942583	4.74057
7.891657e-07	0.0951111	4.76342
7.928120e-07	0.0959719	4.78638
7.964751e-07	0.0968406	4.80943
8.001552e-07	0.0977173	4.83258
8.038522e-07	0.0986022	4.85584
8.075663e-07	0.0994953	4.8792
8.112976e-07	0.100397	4.90266
8.150462e-07	0.101306	4.92622
8.188120e-07	0.102224	4.94989
8.225953e-07	0.103151	4.97367
8.263960e-07	0.104086	4.99754
8.302143e-07	0.10503	5.02153
8.340503e-07	0.105982	5.04562
8.379039e-07	0.106944	5.06981
8.417754e-07	0.107914	5.09412
8.456648e-07	0.108893	5.11853
8.495721e-07	0.109882	5.14305
8.534975e-07	0.110879	5.16768
8.574410e-07	0.111886	5.19241
8.614027e-07	0.112902	5.21726
8.653828e-07	0.113927	5.24222
8.693812e-07	0.114962	5.26728
8.733981e-07	0.116006	5.29246
8.774336e-07	0.117061	5.31775
8.814877e-07	0.118124	5.34315
8.855605e-07	0.119198	5.36867
8.896522e-07	0.120282	5.3943
8.937628e-07	0.121375	5.42004
8.978923e-07	0.122479	5.4459
9.020410e-07	0.123593	5.47187
9.062088e-07	0.124717	5.49796
9.103958e-07	0.125852	5.52416
9.146023e-07	0.126997	5.55048
9.188281e-07	0.128153	5.57691
9.230735e-07	0.12932	5.60347
9.273385e-07	0.130497	5.63014
9.316232e-07	0.131685	5.65693
9.359276e-07	0.132884	5.68384
9.402520e-07	0.134094	5.71087
9.445964e-07	0.135316	5.73803
9.489608e-07	0.136548	5.7653
9.533454e-07	0.137792	5.79269
9.577503e-07	0.139048	5.82021
9.621755e-07	0.140315	5.84785
9.666211e-07	0.141594	5.87561
9.710873e-07	0.142885	5.90349
9.755742e-07	0.144187	5.93151
9.800817e-07	0.145502	5.95964
9.846101e-07	0.146829	5.9879
9.891594e-07	0.148168	6.01629
9.937298e-07	0.149519	6.0448
9.983212e-07	0.150883	6.07345
1.002934e-06	0.15226	6.10222
1.007568e-06	0.153649	6.13112
1.012223e-06	0.155051	6.16014
1.016900e-06	0.156466	6.1893
1.021599e-06	0.157894	6.21859
1.026319e-06	0.159336	6.24801
1.031061e-06	0.16079	6.27756
1.035825e-06	0.162258	6.30724
1.040611e-06	0.16374	6.33706
1.045419e-06	0.165235	6.36701
1.050249e-06	0.166744	6.39709
1.055102e-06	0.168267	6.42731
1.059977e-06	0.169805	6.45766
1.064874e-06	0.171356	6.48816
1.069794e-06	0.172922	6.51878
1.074737e-06	0.174502	6.54955
1.079703e-06	0.176096	6.58045
1.084692e-06	0.177706	6.61149
1.089703e-06	0.17933	6.64267
1.094738e-06	0.180969	6.67399
1.099797e-06	0.182624	6.70545
1.104878e-06	0.184293	6.73705
1.109983e-06	0.185979	6.76879
1.115112e-06	0.187679	6.80068
1.120264e-06	0.189396	6.83271
1.125440e-06	0.191128	6.86488
1.130640e-06	0.192876	6.8972
1.135864e-06	0.19464	6.92966
1.141112e-06	0.196421	6.96227
1.146385e-06	0.198218	6.99503
1.151681e-06	0.200032	7.02793
1.157003e-06	0.201862	7.06098
1.162349e-06	0.203709	7.09418
1.167719e-06	0.205574	7.12753
1.173114e-06	0.207455	7.16102
1.178535e-06	0.209354	7.19467
1.183980e-06	0.211271	7.22847
1.189451e-06	0.213205	7.26242
1.194946e-06	0.215157	7.29653
1.200467e-06	0.217127	7.33079
1.206014e-06	0.219115	7.3652
1.211586e-06	0.221121	7.39977
1.217184e-06	0.223146	7.43449
1.222808e-06	0.22519	7.46937
1.228458e-06	0.227252	7.5044
1.234134e-06	0.229334	7.5396
1.239836e-06	0.231435	7.57495
1.245565e-06	0.233555	7.61046
1.251320e-06	0.235694	7.64613
1.257102e-06	0.237854	7.68196
1.262910e-06	0.240033	7.71796
1.268745e-06	0.242232	7.75411
1.274607e-06	0.244452	7.79043
1.280497e-06	0.246692	7.82691
1.286413e-06	0.248953	7.86356
1.292357e-06	0.251235	7.90037
1.298328e-06	0.253537	7.93734
1.304327e-06	0.255861	7.97449
1.310353e-06	0.258206	8.0118
1.316408e-06	0.260573	8.04928
1.322490e-06	0.262962	8.08693
1.328601e-06	0.265373	8.12474
1.334739e-06	0.267806	8.16273
1.340906e-06	0.270261	8.20089
1.347102e-06	0.272739	8.23922
1.353326e-06	0.27524	8.27773
1.359579e-06	0.277764	8.31641
1.365861e-06	0.280311	8.35526
1.372172e-06	0.282882	8.39429
1.378512e-06	0.285476	8.43349
1.384881e-06	0.288094	8.47287
1.391280e-06	0.290737	8.51243
1.397708e-06	0.293403	8.55216
1.404166e-06	0.296094	8.59208
1.410654e-06	0.29881	8.63217
1.417172e-06	0.301551	8.67245
1.423720e-06	0.304318	8.71291
1.430298e-06	0.307109	8.75355
1.436906e-06	0.309927	8.79437
1.443545e-06	0.31277	8.83538
1.450215e-06	0.31564	8.87657
1.456916e-06	0.318536	8.91795
1.463647e-06	0.321458	8.95952
1.470410e-06	0.324408	9.00127
1.477204e-06	0.327384	9.04321
1.484029e-06	0.330388	9.08534
1.490886e-06	0.33342	9.12766
1.497775e-06	0.33648	9.17017
1.504695e-06	0.339568	9.21287
1.511647e-06	0.342684	9.25577
1.518632e-06	0.345829	9.29886
1.525649e-06	0.349002	9.34214
1.532698e-06	0.352205	9.38562
1.539779e-06	0.355438	9.4293
1.546894e-06	0.3587	9.47317
1.554041e-06	0.361992	9.51724
1.561221e-06	0.365315	9.56151
1.568435e-06	0.368668	9.60597
1.575682e-06	0.372052	9.65064
1.582962e-06	0.375467	9.69551
1.590276e-06	0.378913	9.74059
1.597624e-06	0.382391	9.78586
1.605005e-06	0.385901	9.83134
1.612421e-06	0.389443	9.87703
1.619871e-06	0.393018	9.92292
1.627356e-06	0.396626	9.96902
1.634875e-06	0.400267	10.0153
1.642429e-06	0.403941	10.0618
1.650017e-06	0.407649	10.1086
1.657641e-06	0.411392	10.1555
1.665300e-06	0.415168	10.2026
1.672995e-06	0.418979	10.25
1.680725e-06	0.422826	10.2976
1.688490e-06	0.426707	10.3454
1.696292e-06	0.430625	10.3934
1.704129e-06	0.434578	10.4416
1.712003e-06	0.438567	10.49
1.719913e-06	0.442594	10.5387
1.727860e-06	0.446657	10.5876
1.735843e-06	0.450757	10.6367
1.743864e-06	0.454895	10.686
1.751921e-06	0.459071	10.7355
1.760016e-06	0.463286	10.7853
1.768148e-06	0.467539	10.8353
1.776317e-06	0.471831	10.8855
1.784525e-06	0.476163	10.9359
1.792770e-06	0.480534	10.9866
1.801053e-06	0.484945	11.0375
1.809375e-06	0.489397	11.0886
1.817735e-06	0.49389	11.1399
1.826134e-06	0.498424	11.1915
1.834571e-06	0.502999	11.2433
1.843048e-06	0.507617	11.2954
1.851563e-06	0.512277	11.3477
1.860118e-06	0.516979	11.4002
1.868713e-06	0.521725	11.4529
1.877347e-06	0.526514	11.5059
1.886021e-06	0.531347	11.5592
1.894735e-06	0.536225	11.6126
1.903490e-06	0.541147	11.6663
1.912285e-06	0.546114	11.7203
1.921120e-06	0.551127	11.7745
1.929997e-06	0.556185	11.8289
1.938914e-06	0.56129	11.8836
1.947873e-06	0.566442	11.9385
1.956873e-06	0.571641	11.9937
1.965914e-06	0.576888	12.0491
1.974998e-06	0.582182	12.1048
1.984123e-06	0.587525	12.1607
1.993291e-06	0.592917	12.2169
2.002500e-06	0.598359	12.2733
2.011753e-06	0.60385	12.33
2.021048e-06	0.609391	12.387
2.030386e-06	0.614983	12.4441
2.039767e-06	0.620627	12.5016
2.049192e-06	0.626322	12.5593
2.058660e-06	0.632069	12.6173
2.068172e-06	0.637868	12.6755
2.077728e-06	0.643721	12.734
2.087328e-06	0.649627	12.7927
2.096972e-06	0.655588	12.8517
2.106661e-06	0.661602	12.911
2.116395e-06	0.667672	12.9706
2.126173e-06	0.673797	13.0304
2.135997e-06	0.679978	13.0905
2.145866e-06	0.686216	13.1508
2.155781e-06	0.692511	13.2114
2.165742e-06	0.698863	13.2723
2.175748e-06	0.705273	13.3335
2.185801e-06	0.711742	13.3949
2.195900e-06	0.71827	13.4566
2.206046e-06	0.724857	13.5186
2.216239e-06	0.731505	13.5809
2.226479e-06	0.738213	13.6434
2.236767e-06	0.744983	13.7063
2.247101e-06	0.751814	13.7694
2.257484e-06	0.758708	13.8328
2.267914e-06	0.765665	13.8964
2.278393e-06	0.772685	13.9604
2.288920e-06	0.779769	14.0246
2.299496e-06	0.786917	14.0892
2.310121e-06	0.794131	14.154
2.320794e-06	0.801411	14.2191
2.331517e-06	0.808757	14.2845
2.342290e-06	0.81617	14.3502
2.353112e-06	0.823651	14.4162
2.363985e-06	0.8312	14.4824
2.374907e-06	0.838817	14.549
2.385880e-06	0.846504	14.6159
2.396904e-06	0.854261	14.6831
2.407979e-06	0.862089	14.7505
2.419105e-06	0.869987	14.8183
2.430282e-06	0.877958	14.8864
2.441511e-06	0.886002	14.9548
2.452792e-06	0.894118	15.0234
2.464125e-06	0.902309	15.0924
2.475510e-06	0.910574	15.1617
2.486948e-06	0.918914	15.2313
2.498439e-06	0.92733	15.3012
2.509983e-06	0.935822	15.3715
2.521580e-06	0.944392	15.442
2.533231e-06	0.95304	15.5129
2.544935e-06	0.961766	15.584
2.556694e-06	0.970572	15.6555
2.568507e-06	0.979457	15.7273
2.580374e-06	0.988424	15.7994
2.592297e-06	0.997472	15.8719
2.604274e-06	1.0066	15.9446
2.616307e-06	1.01581	16.0177
2.628396e-06	1.02511	16.0911
2.640540e-06	1.03449	16.1649
2.652740e-06	1.04396	16.2389
2.664997e-06	1.05351	16.3133
2.677310e-06	1.06315	16.388
2.689681e-06	1.07287	16.4631
2.702108e-06	1.08269	16.5385
2.714593e-06	1.09259	16.6142
2.727136e-06	1.10258	16.6902
2.739736e-06	1.11267	16.7666
2.752395e-06	1.12284	16.8433
2.765112e-06	1.13311	16.9204
2.777888e-06	1.14347	16.9978
2.790723e-06	1.15392	17.0756
2.803617e-06	1.16447	17.1537
2.816571e-06	1.17512	17.2321
2.829585e-06	1.18586	17.3109
2.842659e-06	1.19669	17.39
2.855793e-06	1.20763	17.4695
2.868988e-06	1.21866	17.5493
2.882244e-06	1.2298	17.6295
2.895561e-06	1.24103	17.71
2.908940e-06	1.25237	17.7909
2.922381e-06	1.26381	17.8722
2.935883e-06	1.27535	17.9538
2.949448e-06	1.287	18.0358
2.963076e-06	1.29875	18.1181
2.976767e-06	1.31061	18.2008
2.990520e-06	1.32257	18.2838
3.004338e-06	1.33464	18.3672
3.018219e-06	1.34682	18.451
3.032165e-06	1.35912	18.5352
3.046175e-06	1.37152	18.6197
3.060249e-06	1.38403	18.7046
3.074389e-06	1.39666	18.7898
3.088594e-06	1.4094	18.8755
3.102864e-06	1.42225	18.9615
3.117201e-06	1.43523	19.0479
3.131604e-06	1.44831	19.1346
3.146073e-06	1.46152	19.2218
3.160609e-06	1.47484	19.3093
3.175213e-06	1.48829	19.3972
3.189883e-06	1.50185	19.4855
3.204622e-06	1.51554	19.5742
3.219429e-06	1.52935	19.6633
3.234304e-06	1.54329	19.7527
3.249248e-06	1.55735	19.8426
3.264261e-06	1.57153	19.9328
3.279343e-06	1.58584	20.0234
3.294495e-06	1.60029	20.1145
3.309717e-06	1.61486	20.2059
3.325009e-06	1.62956	20.2977
3.340372e-06	1.64439	20.3899
3.355806e-06	1.65936	20.4825
3.371311e-06	1.67446	20.5755
3.386888e-06	1.6897	20.669
3.402537e-06	1.70507	20.7628
3.418258e-06	1.72058	20.857
3.434052e-06	1.73623	20.9517
3.449919e-06	1.75202	21.0467
3.465859e-06	1.76795	21.1422
3.481872e-06	1.78402	21.2381
3.497960e-06	1.80024	21.3344
3.514122e-06	1.8166	21.4311
3.530359e-06	1.83311	21.5282
3.546671e-06	1.84977	21.6257
3.563058e-06	1.86657	21.7237
3.579521e-06	1.88352	21.8221
3.596059e-06	1.90063	21.9209
3.612675e-06	1.91789	22.0202
3.629367e-06	1.9353	22.1198
3.646136e-06	1.95287	22.2199
3.662983e-06	1.97059	22.3204
3.679907e-06	1.98847	22.4214
3.696910e-06	2.00651	22.5228
3.713991e-06	2.02471	22.6246
3.731151e-06	2.04308	22.7269
3.748391e-06	2.0616	22.8296
3.765710e-06	2.0803	22.9327
3.783109e-06	2.09915	23.0363
3.800589e-06	2.11818	23.1403
3.818149e-06	2.13737	23.2448
3.835791e-06	2.15674	23.3497
3.853514e-06	2.17627	23.4551
3.871318e-06	2.19598	23.5609
3.889206e-06	2.21587	23.6671
3.907175e-06	2.23593	23.7739
3.925228e-06	2.25617	23.881
3.943364e-06	2.27658	23.9886
3.961584e-06	2.29718	24.0967
3.979889e-06	2.31796	24.2053
3.998277e-06	2.33893	24.3143
4.016751e-06	2.36008	24.4237
4.035310e-06	2.38142	24.5337
4.053955e-06	2.40294	24.6441
4.072686e-06	2.42466	24.7549
4.091503e-06	2.44656	24.8662
4.110408e-06	2.46866	24.978
4.129400e-06	2.49096	25.0903
4.148479e-06	2.51345	25.2031
4.167647e-06	2.53614	25.3163
4.186903e-06	2.55903	25.43
4.206249e-06	2.58212	25.5441
4.225683e-06	2.60542	25.6588
4.245208e-06	2.62892	25.7739
4.264822e-06	2.65263	25.8896
4.284528e-06	2.67654	26.0057
4.304324e-06	2.70066	26.1222
4.324212e-06	2.725	26.2393
4.344191e-06	2.74955	26.3569
4.364263e-06	2.77432	26.4749
4.384428e-06	2.7993	26.5935
4.404686e-06	2.8245	26.7125
4.425037e-06	2.84992	26.8321
4.445483e-06	2.87557	26.9521
4.466023e-06	2.90144	27.0727
4.486658e-06	2.92753	27.1937
4.507388e-06	2.95386	27.3152
4.528214e-06	2.98041	27.4373
4.549136e-06	3.00719	27.5598
4.570155e-06	3.03421	27.6829
4.591271e-06	3.06147	27.8065
4.612485e-06	3.08896	27.9305
4.633797e-06	3.11669	28.0551
4.655207e-06	3.14466	28.1802
4.676716e-06	3.17288	28.3058
4.698324e-06	3.20134	28.432
4.720032e-06	3.23005	28.5586
4.741841e-06	3.25901	28.6858
4.763750e-06	3.28822	28.8135
4.785761e-06	3.31768	28.9417
4.807873e-06	3.3474	29.0704
4.830087e-06	3.37738	29.1997
4.852404e-06	3.40761	29.3295
4.874825e-06	3.43811	29.4598
4.897348e-06	3.46887	29.5907
4.919976e-06	3.4999	29.7221
4.942709e-06	3.53119	29.854
4.965546e-06	3.56276	29.9865
4.988489e-06	3.5946	30.1194
5.011538e-06	3.62671	30.253
5.034693e-06	3.6591	30.3871
5.057956e-06	3.69177	30.5217
5.081325e-06	3.72472	30.6568
5.104803e-06	3.75795	30.7925
5.128390e-06	3.79147	30.9288
5.152085e-06	3.82528	31.0656
5.175890e-06	3.85937	31.2029
5.199805e-06	3.89376	31.3408
5.223830e-06	3.92845	31.4793
5.247966e-06	3.96343	31.6183
5.272214e-06	3.99871	31.7578
5.296574e-06	4.03429	31.8979
5.321046e-06	4.07018	32.0386
5.345632e-06	4.10637	32.1798
5.370331e-06	4.14287	32.3216
5.395144e-06	4.17969	32.464
5.420072e-06	4.21681	32.6069
5.445115e-06	4.25426	32.7504
5.470274e-06	4.29202	32.8945
5.495549e-06	4.3301	33.0391
5.520940e-06	4.36851	33.1843
5.546449e-06	4.40724	33.33
5.572076e-06	4.4463	33.4764
5.597822e-06	4.4857	33.6233
5.623686e-06	4.52542	33.7708
5.649670e-06	4.56549	33.9188
5.675774e-06	4.60589	34.0675
5.701998e-06	4.64663	34.2167
5.728344e-06	4.68772	34.3665
5.754811e-06	4.72915	34.5169
5.781401e-06	4.77093	34.6678
5.808113e-06	4.81307	34.8194
5.834949e-06	4.85556	34.9715
5.861909e-06	4.8984	35.1243
5.888994e-06	4.94161	35.2776
5.916203e-06	4.98518	35.4315
5.943538e-06	5.02911	35.586
5.971000e-06	5.07342	35.7411
5.998589e-06	5.11809	35.8968
6.026305e-06	5.16314	36.053
6.054149e-06	5.20856	36.2099
6.082121e-06	5.25436	36.3674
6.110223e-06	5.30055	36.5255
6.138455e-06	5.34712	36.6841
6.166817e-06	5.39408	36.8434
6.195311e-06	5.44142	37.0033
6.223936e-06	5.48916	37.1638
6.252693e-06	5.5373	37.3249
6.281583e-06	5.58584	37.4866
6.310607e-06	5.63478	37.6489
6.339764e-06	5.68412	37.8118
6.369057e-06	5.73387	37.9753
6.398484e-06	5.78404	38.1394
6.428048e-06	5.83462	38.3042
6.457748e-06	5.88561	38.4695
6.487586e-06	5.93702	38.6355
6.517561e-06	5.98886	38.8021
6.547675e-06	6.04112	38.9693
6.577928e-06	6.09382	39.1371
6.608321e-06	6.14694	39.3056
6.638854e-06	6.2005	39.4746
6.669528e-06	6.2545	39.6443
6.700344e-06	6.30894	39.8146
6.731303e-06	6.36382	39.9855
6.762404e-06	6.41915	40.1571
6.793650e-06	6.47493	40.3293
6.825039e-06	6.53117	40.5021
6.856574e-06	6.58786	40.6755
6.888254e-06	6.64501	40.8495
6.920080e-06	6.70263	41.0242
6.952054e-06	6.76071	41.1995
6.984176e-06	6.81927	41.3755
7.016445e-06	6.87829	41.552
7.048864e-06	6.9378	41.7292
7.081433e-06	6.99778	41.9071
7.114152e-06	7.05825	42.0855
7.147023e-06	7.1192	42.2646
7.180045e-06	7.18064	42.4443
7.213220e-06	7.24257	42.6247
7.246548e-06	7.305	42.8057
7.280030e-06	7.36793	42.9874
7.313667e-06	7.43137	43.1696
7.347459e-06	7.49531	43.3525
7.381407e-06	7.55976	43.5361
7.415513e-06	7.62472	43.7203
7.449775e-06	7.6902	43.9051
7.484196e-06	7.75619	44.0906
7.518777e-06	7.82272	44.2767
7.553517e-06	7.88976	44.4634
7.588417e-06	7.95734	44.6508
7.623479e-06	8.02546	44.8389
7.658702e-06	8.0941	45.0275
7.694089e-06	8.16329	45.2169
7.729639e-06	8.23303	45.4068
7.765353e-06	8.30331	45.5974
7.801232e-06	8.37414	45.7887
7.837277e-06	8.44553	45.9806
7.873489e-06	8.51748	46.1731
7.909867e-06	8.58998	46.3663
7.946414e-06	8.66305	46.5601
7.983130e-06	8.7367	46.7546
8.020016e-06	8.81091	46.9497
8.057071e-06	8.8857	47.1455
8.094298e-06	8.96107	47.3419
8.131698e-06	9.03702	47.539
8.169269e-06	9.11356	47.7367
8.207015e-06	9.19069	47.9351
8.244935e-06	9.26841	48.1341
8.283030e-06	9.34673	48.3337
8.321301e-06	9.42565	48.534
8.359749e-06	9.50518	48.735
8.398374e-06	9.58531	48.9365
8.437178e-06	9.66606	49.1388
8.476162e-06	9.74742	49.3417
8.515325e-06	9.8294	49.5452
8.554670e-06	9.91201	49.7494
8.594196e-06	9.99524	49.9542
8.633905e-06	10.0791	50.1597
8.673797e-06	10.1636	50.3658
8.713873e-06	10.2487	50.5726
8.754135e-06	10.3345	50.78
8.794583e-06	10.4209	50.988
8.835218e-06	10.508	51.1967
8.876040e-06	10.5957	51.4061
8.917051e-06	10.6841	51.6161
8.958252e-06	10.7731	51.8267
8.999643e-06	10.8628	52.038
9.041225e-06	10.9532	52.2499
9.082999e-06	11.0442	52.4625
9.124966e-06	11.136	52.6757
9.167127e-06	11.2284	52.8896
9.209483e-06	11.3214	53.104
9.252035e-06	11.4152	53.3192
9.294783e-06	11.5097	53.535
9.337729e-06	11.6048	53.7514
9.380873e-06	11.7006	53.9684
9.424217e-06	11.7972	54.1861
9.467761e-06	11.8944	54.4045
9.511506e-06	11.9924	54.6234
9.555453e-06	12.0911	54.843
9.599603e-06	12.1904	55.0633
9.643958e-06	12.2905	55.2841
9.688517e-06	12.3914	55.5057
9.733282e-06	12.4929	55.7278
9.778254e-06	12.5952	55.9506
9.823433e-06	12.6982	56.174
9.868822e-06	12.802	56.398
9.914420e-06	12.9065	56.6227
9.960229e-06	13.0117	56.848
1.000625e-05	13.1177	57.0739
1.005248e-05	13.2245	57.3004
1.009893e-05	13.332	57.5276
1.014559e-05	13.4402	57.7554
1.019247e-05	13.5493	57.9838
1.023956e-05	13.6591	58.2129
1.028687e-05	13.7696	58.4425
1.033440e-05	13.881	58.6728
1.038215e-05	13.9931	58.9037
1.043012e-05	14.106	59.1352
1.047831e-05	14.2197	59.3673
1.052673e-05	14.3342	59.6001
1.057536e-05	14.4494	59.8334
1.062423e-05	14.5655	60.0674
1.067332e-05	14.6824	60.3019
1.072263e-05	14.8	60.5371
1.077217e-05	14.9185	60.7729
1.082195e-05	15.0378	61.0093
1.087195e-05	15.1579	61.2463
1.092218e-05	15.2788	61.4839
1.097265e-05	15.4005	61.7221
1.102334e-05	15.5231	61.9608
1.107428e-05	15.6465	62.2002
1.112544e-05	15.7707	62.4402
1.117685e-05	15.8958	62.6808
1.122849e-05	16.0217	62.9219
1.128037e-05	16.1484	63.1637
1.133249e-05	16.276	63.406
1.138485e-05	16.4044	63.649
1.143745e-05	16.5337	63.8925
1.149030e-05	16.6639	64.1365
1.154339e-05	16.7949	64.3812
1.159673e-05	16.9267	64.6264
1.165031e-05	17.0594	64.8723
1.170414e-05	17.193	65.1186
1.175821e-05	17.3275	65.3656
1.181254e-05	17.4628	65.6131
1.186712e-05	17.5991	65.8612
1.192195e-05	17.7362	66.1099
1.197704e-05	17.8741	66.3591
1.203238e-05	18.013	66.6089
1.208797e-05	18.1528	66.8592
1.214382e-05	18.2934	67.1101
1.219993e-05	18.435	67.3616
1.225630e-05	18.5774	67.6135
1.231293e-05	18.7208	67.8661
1.236982e-05	18.865	68.1192
1.242697e-05	19.0102	68.3728
1.248439e-05	19.1563	68.627
1.254208e-05	19.3033	68.8817
1.260002e-05	19.4512	69.1369
1.265824e-05	19.6	69.3927
1.271673e-05	19.7498	69.649
1.277549e-05	19.9005	69.9058
1.283451e-05	20.0521	70.1632
1.289381e-05	20.2046	70.4211
1.295339e-05	20.3581	70.6795
1.301324e-05	20.5125	70.9384
1.307337e-05	20.6679	71.1978
1.313377e-05	20.8242	71.4577
1.319445e-05	20.9814	71.7182
1.325542e-05	21.1396	71.9791
1.331666e-05	21.2987	72.2406
1.337819e-05	21.4588	72.5026
1.344001e-05	21.6199	72.765
1.350210e-05	21.7819	73.028
1.356449e-05	21.9448	73.2914
1.362716e-05	22.1087	73.5553
1.369013e-05	22.2736	73.8197
1.375338e-05	22.4395	74.0846
1.381693e-05	22.6063	74.35
1.388077e-05	22.7741	74.6159
1.394490e-05	22.9429	74.8822
1.400933e-05	23.1126	75.149
1.407406e-05	23.2833	75.4162
1.413909e-05	23.455	75.6839
1.420442e-05	23.6277	75.9521
1.427005e-05	23.8014	76.2208
1.433598e-05	23.976	76.4899
1.440222e-05	24.1517	76.7594
1.446877e-05	24.3283	77.0294
1.453562e-05	24.5059	77.2998
1.460278e-05	24.6845	77.5707
1.467025e-05	24.8642	77.842
1.473803e-05	25.0448	78.1138
1.480613e-05	25.2264	78.386
1.487454e-05	25.409	78.6586
1.494326e-05	25.5926	78.9316
1.501231e-05	25.7772	79.2051
1.508167e-05	25.9628	79.479
1.515136e-05	26.1494	79.7533
1.522136e-05	26.337	80.028
1.529169e-05	26.5257	80.3031
1.536234e-05	26.7153	80.5786
1.543332e-05	26.906	80.8546
1.550463e-05	27.0976	81.1309
1.557627e-05	27.2903	81.4076
1.564824e-05	27.484	81.6847
1.572054e-05	27.6788	81.9622
1.579318e-05	27.8745	82.2401
1.586615e-05	28.0712	82.5184
1.593946e-05	28.269	82.797
1.601310e-05	28.4678	83.076
1.608709e-05	28.6676	83.3554
1.616142e-05	28.8685	83.6352
1.623609e-05	29.0703	83.9153
1.631111e-05	29.2732	84.1958
1.638647e-05	29.4771	84.4767
1.646219e-05	29.6821	84.7579
1.653825e-05	29.888	85.0394
1.661466e-05	30.095	85.3213
1.669143e-05	30.303	85.6036
1.676855e-05	30.5121	85.8862
1.684603e-05	30.7222	86.1691
1.692386e-05	30.9333	86.4523
1.700206e-05	31.1454	86.7359
1.708062e-05	31.3586	87.0198
1.715954e-05	31.5728	87.3041
1.723882e-05	31.788	87.5887
1.731847e-05	32.0042	87.8735
1.739849e-05	32.2215	88.1587
1.747888e-05	32.4398	88.4442
1.755964e-05	32.6592	88.73
1.764077e-05	32.8796	89.0162
1.772228e-05	33.101	89.3026
1.780416e-05	33.3234	89.5893
1.788643e-05	33.5469	89.8763
1.796907e-05	33.7714	90.1636
1.805209e-05	33.9969	90.4512
1.813550e-05	34.2235	90.7391
1.821929e-05	34.4511	91.0272
1.830348e-05	34.6797	91.3157
1.838805e-05	34.9093	91.6044
1.847301e-05	35.14	91.8933
1.855836e-05	35.3717	92.1826
1.864411e-05	35.6045	92.4721
1.873025e-05	35.8382	92.7619
1.881679e-05	36.073	93.0519
1.890373e-05	36.3088	93.3422
1.899108e-05	36.5457	93.6327
1.907882e-05	36.7836	93.9235
1.916698e-05	37.0225	94.2146
1.925554e-05	37.2624	94.5059
1.934450e-05	37.5033	94.7974
1.943388e-05	37.7453	95.0891
1.952368e-05	37.9883	95.3811
1.961388e-05	38.2323	95.6734
1.970451e-05	38.4773	95.9658
1.979555e-05	38.7233	96.2585
1.988702e-05	38.9704	96.5514
1.997890e-05	39.2184	96.8445
2.007121e-05	39.4675	97.1379
2.016395e-05	39.7176	97.4314
2.025712e-05	39.9687	97.7252
2.035071e-05	40.2209	98.0192
2.044474e-05	40.474	98.3134
2.053920e-05	40.7281	98.6078
2.063410e-05	40.9833	98.9024
2.072944e-05	41.2394	99.1971
2.082522e-05	41.4966	99.4921
2.092144e-05	41.7547	99.7873
2.101811e-05	42.0139	100.083
2.111522e-05	42.2741	100.378
2.121278e-05	42.5352	100.674
2.131079e-05	42.7974	100.97
2.140926e-05	43.0605	101.266
2.150818e-05	43.3246	101.562
2.160756e-05	43.5898	101.859
2.170739e-05	43.8559	102.155
2.180769e-05	44.123	102.452
2.190845e-05	44.3911	102.749
2.200968e-05	44.6602	103.046
2.211137e-05	44.9302	103.344
2.221353e-05	45.2013	103.641
2.231617e-05	45.4733	103.939
2.241928e-05	45.7463	104.237
2.252287e-05	46.0202	104.535
2.262693e-05	46.2952	104.833
2.273148e-05	46.5711	105.131
2.283651e-05	46.848	105.429
2.294202e-05	47.1258	105.728
2.304802e-05	47.4046	106.027
2.315451e-05	47.6844	106.325
2.326150e-05	47.9651	106.624
2.336898e-05	48.2468	106.924
2.347695e-05	48.5294	107.223
2.358542e-05	48.813	107.522
2.369440e-05	49.0976	107.822
2.380388e-05	49.3831	108.122
2.391386e-05	49.6695	108.421
2.402435e-05	49.9569	108.721
2.413535e-05	50.2452	109.021
2.424687e-05	50.5344	109.322
2.435890e-05	50.8246	109.622
2.447145e-05	51.1158	109.923
2.458452e-05	51.4078	110.223
2.469811e-05	51.7008	110.524
2.481222e-05	51.9947	110.825
2.492687e-05	52.2896	111.126
2.504204e-05	52.5853	111.427
2.515774e-05	52.882	111.728
2.527398e-05	53.1796	112.03
2.539076e-05	53.4781	112.331
2.550808e-05	53.7775	112.633
2.562593e-05	54.0779	112.934
2.574434e-05	54.3791	113.236
2.586329e-05	54.6812	113.538
2.598279e-05	54.9843	113.84
2.610284e-05	55.2882	114.142
2.622344e-05	55.593	114.445
2.634461e-05	55.8988	114.747
2.646633e-05	56.2054	115.05
2.658862e-05	56.5129	115.352
2.671147e-05	56.8213	115.655
2.683488e-05	57.1306	115.958
2.695887e-05	57.4407	116.261
2.708343e-05	57.7517	116.564
2.720857e-05	58.0636	116.867
2.733429e-05	58.3764	117.17
2.746058e-05	58.6901	117.474
2.758746e-05	59.0046	117.777
2.771493e-05	59.3199	118.081
2.784298e-05	59.6362	118.385
2.797163e-05	59.9533	118.689
2.810087e-05	60.2712	118.993
2.823071e-05	60.59	119.297
2.836114e-05	60.9097	119.601
2.849219e-05	61.2302	119.905
2.862383e-05	61.5515	120.21
2.875609e-05	61.8737	120.514
2.888895e-05	62.1967	120.819
2.902243e-05	62.5206	121.124
2.915653e-05	62.8453	121.429
2.929124e-05	63.1708	121.734
2.942658e-05	63.4972	122.039
2.956254e-05	63.8243	122.344
2.969913e-05	64.1523	122.649
2.983636e-05	64.4812	122.955
2.997421e-05	64.8108	123.261
3.011271e-05	65.1413	123.566
3.025184e-05	65.4725	123.872
3.039162e-05	65.8046	124.178
3.053204e-05	66.1375	124.484
3.067311e-05	66.4712	124.79
3.081483e-05	66.8057	125.097
3.095721e-05	67.141	125.403
3.110024e-05	67.4771	125.71
3.124394e-05	67.814	126.016
3.138830e-05	68.1516	126.323
3.153333e-05	68.4901	126.63
3.167902e-05	68.8294	126.937
3.182540e-05	69.1694	127.244
3.197244e-05	69.5102	127.552
3.212017e-05	69.8518	127.859
3.226858e-05	70.1942	128.167
3.241767e-05	70.5373	128.475
3.256745e-05	70.8813	128.783
3.271793e-05	71.226	129.091
3.286910e-05	71.5714	129.399
3.302097e-05	71.9176	129.707
3.317354e-05	72.2646	130.016
3.332682e-05	72.6124	130.324
3.348080e-05	72.9609	130.633
3.363550e-05	73.3101	130.942
3.379091e-05	73.6601	131.251
3.394703e-05	74.0109	131.56
3.410388e-05	74.3624	131.87
3.426146e-05	74.7147	132.179
3.441976e-05	75.0677	132.489
3.457879e-05	75.4214	132.799
3.473856e-05	75.7759	133.109
3.489907e-05	76.1311	133.419
3.506032e-05	76.4871	133.729
3.522231e-05	76.8437	134.04
3.538505e-05	77.2012	134.351
3.554855e-05	77.5593	134.661
3.571280e-05	77.9182	134.973
3.587780e-05	78.2778	135.284
3.604358e-05	78.6381	135.595
3.621011e-05	78.9991	135.907
3.637742e-05	79.3609	136.219
3.654550e-05	79.7234	136.531
3.671435e-05	80.0866	136.843
3.688399e-05	80.4505	137.155
3.705441e-05	80.8151	137.468
3.722561e-05	81.1804	137.78
3.739761e-05	81.5464	138.093
3.757041e-05	81.9132	138.406
3.774400e-05	82.2806	138.72
3.791839e-05	82.6488	139.033
3.809359e-05	83.0176	139.347
3.826960e-05	83.3872	139.661
3.844642e-05	83.7574	139.975
3.862406e-05	84.1283	140.29
3.880252e-05	84.5	140.605
3.898180e-05	84.8723	140.919
3.916191e-05	85.2453	141.235
3.934286e-05	85.619	141.55
3.952464e-05	85.9934	141.865
3.970726e-05	86.3685	142.181
3.989072e-05	86.7442	142.497
4.007503e-05	87.1207	142.814
4.026020e-05	87.4978	143.13
4.044622e-05	87.8756	143.447
4.063310e-05	88.2541	143.764
4.082084e-05	88.6332	144.081
4.100945e-05	89.0131	144.399
4.119893e-05	89.3936	144.717
4.138928e-05	89.7748	145.035
4.158052e-05	90.1566	145.353
4.177264e-05	90.5392	145.672
4.196565e-05	90.9224	145.99
4.215955e-05	91.3062	146.31
4.235434e-05	91.6908	146.629
4.255004e-05	92.076	146.949
4.274664e-05	92.4618	147.269
4.294414e-05	92.8484	147.589
4.314256e-05	93.2356	147.91
4.334190e-05	93.6234	148.231
4.354216e-05	94.012	148.552
4.374334e-05	94.4011	148.873
4.394545e-05	94.791	149.195
4.414850e-05	95.1815	149.517
4.435248e-05	95.5727	149.839
4.455741e-05	95.9645	150.162
4.476329e-05	96.357	150.485
4.497011e-05	96.7501	150.809
4.517789e-05	97.1439	151.132
4.538663e-05	97.5383	151.456
4.559634e-05	97.9334	151.781
4.580701e-05	98.3292	152.105
4.601866e-05	98.7256	152.43
4.623129e-05	99.1227	152.756
4.644489e-05	99.5204	153.081
4.665949e-05	99.9187	153.407
4.687508e-05	100.318	153.734
4.709166e-05	100.717	154.061
4.730924e-05	101.118	154.388
4.752783e-05	101.519	154.715
4.774743e-05	101.92	155.043
4.796804e-05	102.323	155.371
4.818967e-05	102.725	155.7
4.841233e-05	103.129	156.029
4.863602e-05	103.533	156.358
4.886073e-05	103.938	156.688
4.908649e-05	104.344	157.018
4.931329e-05	104.75	157.349
4.954114e-05	105.157	157.68
4.977004e-05	105.564	158.011
5.000000e-05	105.972	158.343
