Wavelength(m)	n	k
# material: Graphene
# source: optprop_Gr_Falkovsky.m (Falkovsky/Kubo model)
# conditions: Ef = 0.6 eV, mobility = 10000 cm^2/Vs, T = 300 K
# note: sheet conductivity spread over 3.4e-10 m to give a bulk index; valid only at this gating
# type: model
# range: 5.0000e-07 - 5.0000e-05 m
# converted: 2026-08-04
5.000000e-07	1.82268	1.47213
5.023102e-07	1.82652	1.47582
5.046311e-07	1.83039	1.47951
5.069627e-07	1.83427	1.4832
5.093051e-07	1.83817	1.48689
5.116583e-07	1.84209	1.49059
5.140224e-07	1.84604	1.49428
5.163974e-07	1.85	1.49797
5.187833e-07	1.85398	1.50166
5.211803e-07	1.85798	1.50535
5.235884e-07	1.862	1.50905
5.260076e-07	1.86604	1.51274
5.284380e-07	1.8701	1.51643
5.308796e-07	1.87418	1.52012
5.333325e-07	1.87829	1.52381
5.357967e-07	1.88241	1.52749
5.382723e-07	1.88656	1.53118
5.407594e-07	1.89073	1.53486
5.432579e-07	1.89492	1.53855
5.457680e-07	1.89914	1.54223
5.482896e-07	1.90338	1.54591
5.508230e-07	1.90764	1.54958
5.533680e-07	1.91193	1.55325
5.559248e-07	1.91624	1.55692
5.584934e-07	1.92057	1.56059
5.610739e-07	1.92493	1.56425
5.636663e-07	1.92931	1.56791
5.662707e-07	1.93372	1.57157
5.688871e-07	1.93816	1.57522
5.715156e-07	1.94262	1.57887
5.741562e-07	1.9471	1.58251
5.768091e-07	1.95162	1.58614
5.794742e-07	1.95616	1.58977
5.821516e-07	1.96073	1.5934
5.848414e-07	1.96533	1.59702
5.875436e-07	1.96996	1.60063
5.902583e-07	1.97461	1.60424
5.929855e-07	1.9793	1.60784
5.957253e-07	1.98402	1.61143
5.984779e-07	1.98876	1.61501
6.012431e-07	1.99354	1.61859
6.040211e-07	1.99835	1.62216
6.068119e-07	2.0032	1.62572
6.096156e-07	2.00807	1.62926
6.124323e-07	2.01298	1.6328
6.152620e-07	2.01792	1.63633
6.181048e-07	2.0229	1.63985
6.209607e-07	2.02792	1.64336
6.238298e-07	2.03297	1.64685
6.267121e-07	2.03805	1.65033
6.296078e-07	2.04318	1.6538
6.325169e-07	2.04834	1.65726
6.354394e-07	2.05354	1.6607
6.383754e-07	2.05879	1.66413
6.413249e-07	2.06407	1.66755
6.442881e-07	2.06939	1.67094
6.472650e-07	2.07476	1.67432
6.502556e-07	2.08017	1.67769
6.532601e-07	2.08563	1.68104
6.562784e-07	2.09113	1.68436
6.593107e-07	2.09667	1.68767
6.623570e-07	2.10227	1.69096
6.654174e-07	2.10791	1.69423
6.684919e-07	2.1136	1.69748
6.715806e-07	2.11935	1.7007
6.746836e-07	2.12514	1.7039
6.778009e-07	2.13099	1.70708
6.809326e-07	2.13689	1.71023
6.840788e-07	2.14285	1.71336
6.872395e-07	2.14887	1.71646
6.904149e-07	2.15495	1.71953
6.936049e-07	2.16109	1.72257
6.968096e-07	2.16729	1.72558
7.000292e-07	2.17355	1.72855
7.032636e-07	2.17988	1.7315
7.065130e-07	2.18628	1.73441
7.097774e-07	2.19274	1.73728
7.130569e-07	2.19928	1.74011
7.163515e-07	2.20589	1.74291
7.196613e-07	2.21258	1.74566
7.229865e-07	2.21935	1.74838
7.263270e-07	2.22619	1.75104
7.296829e-07	2.23312	1.75366
7.330543e-07	2.24014	1.75623
7.364414e-07	2.24725	1.75875
7.398440e-07	2.25444	1.76122
7.432624e-07	2.26173	1.76363
7.466966e-07	2.26912	1.76598
7.501467e-07	2.27661	1.76827
7.536127e-07	2.2842	1.7705
7.570947e-07	2.2919	1.77266
7.605928e-07	2.29972	1.77474
7.641070e-07	2.30765	1.77676
7.676375e-07	2.31569	1.77869
7.711843e-07	2.32387	1.78054
7.747475e-07	2.33217	1.7823
7.783272e-07	2.3406	1.78397
7.819234e-07	2.34918	1.78554
7.855362e-07	2.3579	1.78701
7.891657e-07	2.36676	1.78837
7.928120e-07	2.37578	1.78961
7.964751e-07	2.38496	1.79073
8.001552e-07	2.39431	1.79172
8.038522e-07	2.40383	1.79257
8.075663e-07	2.41353	1.79327
8.112976e-07	2.42341	1.79381
8.150462e-07	2.43349	1.79419
8.188120e-07	2.44376	1.79439
8.225953e-07	2.45424	1.79439
8.263960e-07	2.46493	1.79419
8.302143e-07	2.47585	1.79378
8.340503e-07	2.48699	1.79313
8.379039e-07	2.49837	1.79223
8.417754e-07	2.50999	1.79106
8.456648e-07	2.52186	1.7896
8.495721e-07	2.53399	1.78783
8.534975e-07	2.54637	1.78573
8.574410e-07	2.55903	1.78327
8.614027e-07	2.57196	1.78043
8.653828e-07	2.58517	1.77718
8.693812e-07	2.59866	1.77348
8.733981e-07	2.61243	1.76931
8.774336e-07	2.62649	1.76463
8.814877e-07	2.64083	1.7594
8.855605e-07	2.65545	1.75358
8.896522e-07	2.67035	1.74713
8.937628e-07	2.68551	1.74
8.978923e-07	2.70092	1.73214
9.020410e-07	2.71658	1.72351
9.062088e-07	2.73245	1.71405
9.103958e-07	2.74852	1.7037
9.146023e-07	2.76475	1.69241
9.188281e-07	2.78111	1.68013
9.230735e-07	2.79755	1.66678
9.273385e-07	2.81403	1.65231
9.316232e-07	2.83049	1.63666
9.359276e-07	2.84686	1.61977
9.402520e-07	2.86306	1.60159
9.445964e-07	2.87902	1.58205
9.489608e-07	2.89464	1.56112
9.533454e-07	2.90982	1.53874
9.577503e-07	2.92444	1.51489
9.621755e-07	2.93838	1.48952
9.666211e-07	2.95151	1.46264
9.710873e-07	2.9637	1.43423
9.755742e-07	2.9748	1.40431
9.800817e-07	2.98466	1.37289
9.846101e-07	2.99314	1.34004
9.891594e-07	3.00009	1.3058
9.937298e-07	3.00535	1.27025
9.983212e-07	3.0088	1.2335
1.002934e-06	3.01029	1.19565
1.007568e-06	3.00972	1.15685
1.012223e-06	3.00696	1.11724
1.016900e-06	3.00194	1.07697
1.021599e-06	2.99458	1.03623
1.026319e-06	2.98483	0.995186
1.031061e-06	2.97267	0.954028
1.035825e-06	2.95809	0.912939
1.040611e-06	2.94111	0.872099
1.045419e-06	2.92176	0.831685
1.050249e-06	2.9001	0.791863
1.055102e-06	2.87621	0.752786
1.059977e-06	2.85017	0.714597
1.064874e-06	2.82208	0.677419
1.069794e-06	2.79205	0.64136
1.074737e-06	2.76019	0.606512
1.079703e-06	2.72664	0.572948
1.084692e-06	2.6915	0.540724
1.089703e-06	2.6549	0.50988
1.094738e-06	2.61695	0.480441
1.099797e-06	2.57776	0.452418
1.104878e-06	2.53744	0.42581
1.109983e-06	2.49607	0.400603
1.115112e-06	2.45375	0.376777
1.120264e-06	2.41056	0.354301
1.125440e-06	2.36654	0.333138
1.130640e-06	2.32177	0.313248
1.135864e-06	2.27629	0.294585
1.141112e-06	2.23013	0.277101
1.146385e-06	2.18331	0.260747
1.151681e-06	2.13585	0.245472
1.157003e-06	2.08774	0.231225
1.162349e-06	2.03898	0.217958
1.167719e-06	1.98955	0.205621
1.173114e-06	1.93941	0.194169
1.178535e-06	1.88853	0.183555
1.183980e-06	1.83684	0.17374
1.189451e-06	1.78428	0.164683
1.194946e-06	1.73077	0.156351
1.200467e-06	1.6762	0.148712
1.206014e-06	1.62044	0.14174
1.211586e-06	1.56337	0.135414
1.217184e-06	1.50481	0.129721
1.222808e-06	1.44455	0.124653
1.228458e-06	1.38234	0.120216
1.234134e-06	1.31789	0.116429
1.239836e-06	1.25082	0.11333
1.245565e-06	1.18065	0.110987
1.251320e-06	1.10677	0.109513
1.257102e-06	1.02835	0.109093
1.262910e-06	0.944273	0.110045
1.268745e-06	0.852888	0.112936
1.274607e-06	0.751685	0.118877
1.280497e-06	0.63652	0.130347
1.286413e-06	0.500164	0.154159
1.292357e-06	0.334078	0.214693
1.298328e-06	0.185871	0.359312
1.304327e-06	0.120178	0.518006
1.310353e-06	0.0895776	0.648515
1.316408e-06	0.0715282	0.758764
1.322490e-06	0.0593508	0.855368
1.328601e-06	0.0504648	0.942195
1.334739e-06	0.043648	1.02163
1.340906e-06	0.0382365	1.09526
1.347102e-06	0.0338335	1.16417
1.353326e-06	0.030184	1.22917
1.359579e-06	0.0271156	1.29085
1.365861e-06	0.024506	1.34968
1.372172e-06	0.0222662	1.40605
1.378512e-06	0.020329	1.46024
1.384881e-06	0.0186427	1.51251
1.391280e-06	0.0171669	1.56306
1.397708e-06	0.0158693	1.61207
1.404166e-06	0.0147237	1.65969
1.410654e-06	0.0137087	1.70604
1.417172e-06	0.0128067	1.75124
1.423720e-06	0.0120029	1.79539
1.430298e-06	0.0112849	1.83857
1.436906e-06	0.0106421	1.88086
1.443545e-06	0.0100655	1.92233
1.450215e-06	0.00954738	1.96303
1.456916e-06	0.00908117	2.00303
1.463647e-06	0.00866106	2.04238
1.470410e-06	0.00828204	2.08111
1.477204e-06	0.00793973	2.11927
1.484029e-06	0.00763029	2.1569
1.490886e-06	0.00735036	2.19404
1.497775e-06	0.00709696	2.2307
1.504695e-06	0.00686746	2.26693
1.511647e-06	0.00665952	2.30275
1.518632e-06	0.00647109	2.33819
1.525649e-06	0.00630031	2.37326
1.532698e-06	0.00614554	2.40799
1.539779e-06	0.00600532	2.4424
1.546894e-06	0.00587833	2.47651
1.554041e-06	0.00576339	2.51033
1.561221e-06	0.00565944	2.54389
1.568435e-06	0.00556553	2.57719
1.575682e-06	0.0054808	2.61025
1.582962e-06	0.00540448	2.64309
1.590276e-06	0.00533587	2.67572
1.597624e-06	0.00527433	2.70815
1.605005e-06	0.00521929	2.74039
1.612421e-06	0.00517025	2.77245
1.619871e-06	0.00512672	2.80434
1.627356e-06	0.00508828	2.83607
1.634875e-06	0.00505454	2.86766
1.642429e-06	0.00502515	2.89911
1.650017e-06	0.00499979	2.93042
1.657641e-06	0.00497816	2.96161
1.665300e-06	0.00496	2.99268
1.672995e-06	0.00494507	3.02365
1.680725e-06	0.00493314	3.05451
1.688490e-06	0.004924	3.08527
1.696292e-06	0.00491748	3.11595
1.704129e-06	0.00491341	3.14654
1.712003e-06	0.00491162	3.17706
1.719913e-06	0.00491197	3.2075
1.727860e-06	0.00491434	3.23787
1.735843e-06	0.0049186	3.26819
1.743864e-06	0.00492464	3.29844
1.751921e-06	0.00493236	3.32865
1.760016e-06	0.00494167	3.3588
1.768148e-06	0.00495249	3.38891
1.776317e-06	0.00496472	3.41899
1.784525e-06	0.00497831	3.44902
1.792770e-06	0.00499319	3.47903
1.801053e-06	0.00500929	3.50901
1.809375e-06	0.00502655	3.53897
1.817735e-06	0.00504493	3.5689
1.826134e-06	0.00506438	3.59882
1.834571e-06	0.00508486	3.62872
1.843048e-06	0.00510631	3.65862
1.851563e-06	0.00512872	3.6885
1.860118e-06	0.00515203	3.71839
1.868713e-06	0.00517622	3.74827
1.877347e-06	0.00520126	3.77815
1.886021e-06	0.00522713	3.80804
1.894735e-06	0.00525379	3.83793
1.903490e-06	0.00528123	3.86784
1.912285e-06	0.00530942	3.89776
1.921120e-06	0.00533835	3.92769
1.929997e-06	0.00536799	3.95764
1.938914e-06	0.00539833	3.98761
1.947873e-06	0.00542936	4.0176
1.956873e-06	0.00546106	4.04761
1.965914e-06	0.00549342	4.07765
1.974998e-06	0.00552643	4.10772
1.984123e-06	0.00556007	4.13782
1.993291e-06	0.00559434	4.16796
2.002500e-06	0.00562922	4.19812
2.011753e-06	0.00566472	4.22833
2.021048e-06	0.00570082	4.25857
2.030386e-06	0.00573752	4.28885
2.039767e-06	0.00577481	4.31918
2.049192e-06	0.00581268	4.34955
2.058660e-06	0.00585113	4.37997
2.068172e-06	0.00589016	4.41043
2.077728e-06	0.00592976	4.44094
2.087328e-06	0.00596993	4.47151
2.096972e-06	0.00601066	4.50213
2.106661e-06	0.00605197	4.5328
2.116395e-06	0.00609383	4.56352
2.126173e-06	0.00613625	4.59431
2.135997e-06	0.00617923	4.62515
2.145866e-06	0.00622277	4.65606
2.155781e-06	0.00626687	4.68703
2.165742e-06	0.00631153	4.71806
2.175748e-06	0.00635674	4.74915
2.185801e-06	0.00640251	4.78031
2.195900e-06	0.00644884	4.81154
2.206046e-06	0.00649573	4.84284
2.216239e-06	0.00654318	4.87421
2.226479e-06	0.00659118	4.90566
2.236767e-06	0.00663975	4.93717
2.247101e-06	0.00668889	4.96876
2.257484e-06	0.00673859	5.00043
2.267914e-06	0.00678885	5.03217
2.278393e-06	0.00683969	5.064
2.288920e-06	0.0068911	5.0959
2.299496e-06	0.00694308	5.12788
2.310121e-06	0.00699563	5.15995
2.320794e-06	0.00704877	5.1921
2.331517e-06	0.00710249	5.22434
2.342290e-06	0.00715679	5.25666
2.353112e-06	0.00721168	5.28907
2.363985e-06	0.00726716	5.32156
2.374907e-06	0.00732324	5.35415
2.385880e-06	0.00737991	5.38683
2.396904e-06	0.00743719	5.4196
2.407979e-06	0.00749506	5.45246
2.419105e-06	0.00755355	5.48542
2.430282e-06	0.00761265	5.51847
2.441511e-06	0.00767237	5.55162
2.452792e-06	0.00773271	5.58487
2.464125e-06	0.00779367	5.61821
2.475510e-06	0.00785526	5.65166
2.486948e-06	0.00791749	5.6852
2.498439e-06	0.00798035	5.71885
2.509983e-06	0.00804385	5.7526
2.521580e-06	0.008108	5.78646
2.533231e-06	0.00817281	5.82042
2.544935e-06	0.00823827	5.85449
2.556694e-06	0.00830439	5.88866
2.568507e-06	0.00837117	5.92295
2.580374e-06	0.00843863	5.95734
2.592297e-06	0.00850677	5.99184
2.604274e-06	0.00857558	6.02646
2.616307e-06	0.00864509	6.06118
2.628396e-06	0.00871528	6.09602
2.640540e-06	0.00878617	6.13098
2.652740e-06	0.00885777	6.16605
2.664997e-06	0.00893007	6.20124
2.677310e-06	0.00900309	6.23654
2.689681e-06	0.00907683	6.27197
2.702108e-06	0.0091513	6.30751
2.714593e-06	0.0092265	6.34318
2.727136e-06	0.00930243	6.37896
2.739736e-06	0.00937911	6.41487
2.752395e-06	0.00945654	6.4509
2.765112e-06	0.00953473	6.48706
2.777888e-06	0.00961368	6.52335
2.790723e-06	0.0096934	6.55976
2.803617e-06	0.00977389	6.59629
2.816571e-06	0.00985517	6.63296
2.829585e-06	0.00993724	6.66975
2.842659e-06	0.0100201	6.70668
2.855793e-06	0.0101038	6.74374
2.868988e-06	0.0101882	6.78093
2.882244e-06	0.0102735	6.81825
2.895561e-06	0.0103596	6.85571
2.908940e-06	0.0104466	6.89331
2.922381e-06	0.0105344	6.93104
2.935883e-06	0.010623	6.96891
2.949448e-06	0.0107124	7.00691
2.963076e-06	0.0108028	7.04506
2.976767e-06	0.010894	7.08335
2.990520e-06	0.0109861	7.12177
3.004338e-06	0.011079	7.16034
3.018219e-06	0.0111729	7.19906
3.032165e-06	0.0112676	7.23792
3.046175e-06	0.0113633	7.27692
3.060249e-06	0.0114598	7.31607
3.074389e-06	0.0115573	7.35537
3.088594e-06	0.0116557	7.39481
3.102864e-06	0.0117551	7.43441
3.117201e-06	0.0118554	7.47415
3.131604e-06	0.0119566	7.51405
3.146073e-06	0.0120588	7.55409
3.160609e-06	0.012162	7.59429
3.175213e-06	0.0122662	7.63465
3.189883e-06	0.0123713	7.67516
3.204622e-06	0.0124775	7.71582
3.219429e-06	0.0125846	7.75665
3.234304e-06	0.0126928	7.79763
3.249248e-06	0.012802	7.83877
3.264261e-06	0.0129122	7.88007
3.279343e-06	0.0130235	7.92153
3.294495e-06	0.0131358	7.96315
3.309717e-06	0.0132492	8.00494
3.325009e-06	0.0133637	8.04689
3.340372e-06	0.0134792	8.089
3.355806e-06	0.0135958	8.13128
3.371311e-06	0.0137135	8.17373
3.386888e-06	0.0138324	8.21634
3.402537e-06	0.0139523	8.25913
3.418258e-06	0.0140734	8.30208
3.434052e-06	0.0141957	8.34521
3.449919e-06	0.014319	8.3885
3.465859e-06	0.0144436	8.43197
3.481872e-06	0.0145693	8.47562
3.497960e-06	0.0146962	8.51944
3.514122e-06	0.0148243	8.56343
3.530359e-06	0.0149536	8.6076
3.546671e-06	0.0150841	8.65195
3.563058e-06	0.0152158	8.69648
3.579521e-06	0.0153488	8.74119
3.596059e-06	0.015483	8.78608
3.612675e-06	0.0156185	8.83115
3.629367e-06	0.0157552	8.87641
3.646136e-06	0.0158933	8.92185
3.662983e-06	0.0160326	8.96747
3.679907e-06	0.0161732	9.01328
3.696910e-06	0.0163152	9.05928
3.713991e-06	0.0164584	9.10547
3.731151e-06	0.0166031	9.15184
3.748391e-06	0.016749	9.19841
3.765710e-06	0.0168964	9.24517
3.783109e-06	0.0170451	9.29212
3.800589e-06	0.0171952	9.33926
3.818149e-06	0.0173467	9.3866
3.835791e-06	0.0174997	9.43414
3.853514e-06	0.017654	9.48187
3.871318e-06	0.0178099	9.5298
3.889206e-06	0.0179671	9.57792
3.907175e-06	0.0181259	9.62625
3.925228e-06	0.0182861	9.67478
3.943364e-06	0.0184478	9.72351
3.961584e-06	0.018611	9.77245
3.979889e-06	0.0187758	9.82159
3.998277e-06	0.0189421	9.87093
4.016751e-06	0.0191099	9.92048
4.035310e-06	0.0192793	9.97024
4.053955e-06	0.0194503	10.0202
4.072686e-06	0.0196229	10.0704
4.091503e-06	0.0197971	10.1208
4.110408e-06	0.0199729	10.1714
4.129400e-06	0.0201504	10.2222
4.148479e-06	0.0203295	10.2732
4.167647e-06	0.0205103	10.3245
4.186903e-06	0.0206927	10.3759
4.206249e-06	0.0208769	10.4276
4.225683e-06	0.0210628	10.4795
4.245208e-06	0.0212504	10.5316
4.264822e-06	0.0214398	10.5839
4.284528e-06	0.0216309	10.6365
4.304324e-06	0.0218238	10.6893
4.324212e-06	0.0220185	10.7423
4.344191e-06	0.0222151	10.7955
4.364263e-06	0.0224134	10.849
4.384428e-06	0.0226136	10.9027
4.404686e-06	0.0228157	10.9566
4.425037e-06	0.0230196	11.0108
4.445483e-06	0.0232255	11.0651
4.466023e-06	0.0234332	11.1197
4.486658e-06	0.0236429	11.1746
4.507388e-06	0.0238546	11.2297
4.528214e-06	0.0240682	11.285
4.549136e-06	0.0242838	11.3406
4.570155e-06	0.0245014	11.3964
4.591271e-06	0.024721	11.4524
4.612485e-06	0.0249427	11.5087
4.633797e-06	0.0251664	11.5652
4.655207e-06	0.0253923	11.622
4.676716e-06	0.0256202	11.679
4.698324e-06	0.0258502	11.7362
4.720032e-06	0.0260824	11.7937
4.741841e-06	0.0263167	11.8515
4.763750e-06	0.0265532	11.9095
4.785761e-06	0.0267919	11.9677
4.807873e-06	0.0270329	12.0262
4.830087e-06	0.027276	12.085
4.852404e-06	0.0275215	12.144
4.874825e-06	0.0277692	12.2033
4.897348e-06	0.0280192	12.2628
4.919976e-06	0.0282715	12.3226
4.942709e-06	0.0285262	12.3826
4.965546e-06	0.0287832	12.443
4.988489e-06	0.0290427	12.5035
5.011538e-06	0.0293045	12.5644
5.034693e-06	0.0295688	12.6255
5.057956e-06	0.0298355	12.6868
5.081325e-06	0.0301047	12.7485
5.104803e-06	0.0303764	12.8104
5.128390e-06	0.0306507	12.8725
5.152085e-06	0.0309274	12.935
5.175890e-06	0.0312068	12.9977
5.199805e-06	0.0314887	13.0607
5.223830e-06	0.0317733	13.124
5.247966e-06	0.0320605	13.1875
5.272214e-06	0.0323504	13.2514
5.296574e-06	0.0326429	13.3155
5.321046e-06	0.0329382	13.3799
5.345632e-06	0.0332362	13.4446
5.370331e-06	0.033537	13.5095
5.395144e-06	0.0338406	13.5748
5.420072e-06	0.034147	13.6403
5.445115e-06	0.0344562	13.7061
5.470274e-06	0.0347683	13.7722
5.495549e-06	0.0350833	13.8386
5.520940e-06	0.0354012	13.9053
5.546449e-06	0.0357221	13.9723
5.572076e-06	0.0360459	14.0396
5.597822e-06	0.0363728	14.1072
5.623686e-06	0.0367027	14.1751
5.649670e-06	0.0370356	14.2432
5.675774e-06	0.0373717	14.3117
5.701998e-06	0.0377108	14.3805
5.728344e-06	0.0380531	14.4496
5.754811e-06	0.0383986	14.519
5.781401e-06	0.0387473	14.5887
5.808113e-06	0.0390992	14.6587
5.834949e-06	0.0394544	14.729
5.861909e-06	0.0398129	14.7997
5.888994e-06	0.0401747	14.8706
5.916203e-06	0.0405398	14.9419
5.943538e-06	0.0409084	15.0135
5.971000e-06	0.0412803	15.0854
5.998589e-06	0.0416557	15.1576
6.026305e-06	0.0420346	15.2301
6.054149e-06	0.042417	15.303
6.082121e-06	0.042803	15.3762
6.110223e-06	0.0431925	15.4497
6.138455e-06	0.0435857	15.5236
6.166817e-06	0.0439825	15.5977
6.195311e-06	0.0443829	15.6722
6.223936e-06	0.0447871	15.7471
6.252693e-06	0.045195	15.8222
6.281583e-06	0.0456068	15.8977
6.310607e-06	0.0460223	15.9736
6.339764e-06	0.0464417	16.0497
6.369057e-06	0.0468649	16.1263
6.398484e-06	0.0472921	16.2031
6.428048e-06	0.0477233	16.2803
6.457748e-06	0.0481584	16.3579
6.487586e-06	0.0485976	16.4358
6.517561e-06	0.0490409	16.514
6.547675e-06	0.0494883	16.5926
6.577928e-06	0.0499398	16.6716
6.608321e-06	0.0503955	16.7509
6.638854e-06	0.0508554	16.8305
6.669528e-06	0.0513196	16.9105
6.700344e-06	0.0517881	16.9909
6.731303e-06	0.0522609	17.0716
6.762404e-06	0.0527381	17.1527
6.793650e-06	0.0532198	17.2342
6.825039e-06	0.0537059	17.316
6.856574e-06	0.0541965	17.3982
6.888254e-06	0.0546917	17.4808
6.920080e-06	0.0551914	17.5637
6.952054e-06	0.0556958	17.647
6.984176e-06	0.0562048	17.7307
7.016445e-06	0.0567186	17.8147
7.048864e-06	0.0572372	17.8992
7.081433e-06	0.0577605	17.984
7.114152e-06	0.0582887	18.0692
7.147023e-06	0.0588218	18.1547
7.180045e-06	0.0593598	18.2407
7.213220e-06	0.0599028	18.3271
7.246548e-06	0.0604509	18.4138
7.280030e-06	0.061004	18.5009
7.313667e-06	0.0615622	18.5885
7.347459e-06	0.0621257	18.6764
7.381407e-06	0.0626943	18.7647
7.415513e-06	0.0632682	18.8534
7.449775e-06	0.0638474	18.9425
7.484196e-06	0.064432	19.032
7.518777e-06	0.0650221	19.1219
7.553517e-06	0.0656175	19.2123
7.588417e-06	0.0662186	19.303
7.623479e-06	0.0668251	19.3941
7.658702e-06	0.0674373	19.4857
7.694089e-06	0.0680552	19.5776
7.729639e-06	0.0686788	19.67
7.765353e-06	0.0693081	19.7628
7.801232e-06	0.0699433	19.856
7.837277e-06	0.0705844	19.9497
7.873489e-06	0.0712314	20.0438
7.909867e-06	0.0718845	20.1382
7.946414e-06	0.0725435	20.2332
7.983130e-06	0.0732087	20.3285
8.020016e-06	0.0738801	20.4243
8.057071e-06	0.0745576	20.5205
8.094298e-06	0.0752415	20.6171
8.131698e-06	0.0759316	20.7142
8.169269e-06	0.0766282	20.8117
8.207015e-06	0.0773312	20.9097
8.244935e-06	0.0780408	21.0081
8.283030e-06	0.0787569	21.107
8.321301e-06	0.0794796	21.2063
8.359749e-06	0.0802091	21.306
8.398374e-06	0.0809453	21.4062
8.437178e-06	0.0816883	21.5069
8.476162e-06	0.0824382	21.608
8.515325e-06	0.083195	21.7096
8.554670e-06	0.0839589	21.8116
8.594196e-06	0.0847298	21.9141
8.633905e-06	0.0855079	22.0171
8.673797e-06	0.0862932	22.1205
8.713873e-06	0.0870858	22.2245
8.754135e-06	0.0878857	22.3288
8.794583e-06	0.088693	22.4337
8.835218e-06	0.0895078	22.539
8.876040e-06	0.0903301	22.6448
8.917051e-06	0.0911601	22.7511
8.958252e-06	0.0919977	22.8579
8.999643e-06	0.0928431	22.9651
9.041225e-06	0.0936964	23.0729
9.082999e-06	0.0945575	23.1811
9.124966e-06	0.0954267	23.2898
9.167127e-06	0.0963038	23.399
9.209483e-06	0.0971891	23.5087
9.252035e-06	0.0980826	23.619
9.294783e-06	0.0989844	23.7297
9.337729e-06	0.0998945	23.8409
9.380873e-06	0.100813	23.9526
9.424217e-06	0.10174	24.0649
9.467761e-06	0.102676	24.1776
9.511506e-06	0.10362	24.2909
9.555453e-06	0.104573	24.4046
9.599603e-06	0.105535	24.5189
9.643958e-06	0.106506	24.6338
9.688517e-06	0.107486	24.7491
9.733282e-06	0.108475	24.865
9.778254e-06	0.109473	24.9813
9.823433e-06	0.11048	25.0983
9.868822e-06	0.111497	25.2157
9.914420e-06	0.112523	25.3337
9.960229e-06	0.113558	25.4522
1.000625e-05	0.114603	25.5713
1.005248e-05	0.115658	25.6909
1.009893e-05	0.116723	25.8111
1.014559e-05	0.117797	25.9318
1.019247e-05	0.118882	26.053
1.023956e-05	0.119976	26.1749
1.028687e-05	0.121081	26.2972
1.033440e-05	0.122195	26.4202
1.038215e-05	0.12332	26.5436
1.043012e-05	0.124456	26.6677
1.047831e-05	0.125602	26.7923
1.052673e-05	0.126759	26.9175
1.057536e-05	0.127926	27.0432
1.062423e-05	0.129104	27.1696
1.067332e-05	0.130294	27.2965
1.072263e-05	0.131494	27.424
1.077217e-05	0.132705	27.552
1.082195e-05	0.133927	27.6807
1.087195e-05	0.135161	27.8099
1.092218e-05	0.136406	27.9398
1.097265e-05	0.137663	28.0702
1.102334e-05	0.138932	28.2012
1.107428e-05	0.140212	28.3329
1.112544e-05	0.141504	28.4651
1.117685e-05	0.142808	28.5979
1.122849e-05	0.144124	28.7313
1.128037e-05	0.145452	28.8654
1.133249e-05	0.146793	29
1.138485e-05	0.148145	29.1353
1.143745e-05	0.149511	29.2712
1.149030e-05	0.150889	29.4077
1.154339e-05	0.15228	29.5449
1.159673e-05	0.153684	29.6826
1.165031e-05	0.155101	29.821
1.170414e-05	0.15653	29.9601
1.175821e-05	0.157974	30.0997
1.181254e-05	0.15943	30.2401
1.186712e-05	0.1609	30.381
1.192195e-05	0.162384	30.5226
1.197704e-05	0.163881	30.6648
1.203238e-05	0.165392	30.8077
1.208797e-05	0.166918	30.9513
1.214382e-05	0.168457	31.0955
1.219993e-05	0.17001	31.2404
1.225630e-05	0.171578	31.3859
1.231293e-05	0.173161	31.5321
1.236982e-05	0.174758	31.679
1.242697e-05	0.17637	31.8265
1.248439e-05	0.177997	31.9747
1.254208e-05	0.179639	32.1236
1.260002e-05	0.181296	32.2732
1.265824e-05	0.182969	32.4235
1.271673e-05	0.184657	32.5744
1.277549e-05	0.18636	32.726
1.283451e-05	0.18808	32.8784
1.289381e-05	0.189815	33.0314
1.295339e-05	0.191566	33.1852
1.301324e-05	0.193334	33.3396
1.307337e-05	0.195118	33.4948
1.313377e-05	0.196919	33.6506
1.319445e-05	0.198736	33.8072
1.325542e-05	0.20057	33.9645
1.331666e-05	0.202421	34.1225
1.337819e-05	0.204289	34.2813
1.344001e-05	0.206174	34.4407
1.350210e-05	0.208077	34.6009
1.356449e-05	0.209998	34.7619
1.362716e-05	0.211936	34.9235
1.369013e-05	0.213892	35.086
1.375338e-05	0.215867	35.2491
1.381693e-05	0.21786	35.413
1.388077e-05	0.219871	35.5777
1.394490e-05	0.2219	35.7431
1.400933e-05	0.223949	35.9093
1.407406e-05	0.226017	36.0762
1.413909e-05	0.228103	36.2439
1.420442e-05	0.230209	36.4124
1.427005e-05	0.232335	36.5817
1.433598e-05	0.23448	36.7517
1.440222e-05	0.236645	36.9225
1.446877e-05	0.23883	37.0941
1.453562e-05	0.241035	37.2665
1.460278e-05	0.243261	37.4396
1.467025e-05	0.245507	37.6136
1.473803e-05	0.247775	37.7884
1.480613e-05	0.250063	37.9639
1.487454e-05	0.252372	38.1403
1.494326e-05	0.254703	38.3175
1.501231e-05	0.257055	38.4955
1.508167e-05	0.259429	38.6743
1.515136e-05	0.261825	38.8539
1.522136e-05	0.264244	39.0344
1.529169e-05	0.266684	39.2157
1.536234e-05	0.269148	39.3978
1.543332e-05	0.271634	39.5808
1.550463e-05	0.274143	39.7646
1.557627e-05	0.276675	39.9492
1.564824e-05	0.279231	40.1347
1.572054e-05	0.28181	40.321
1.579318e-05	0.284414	40.5082
1.586615e-05	0.287041	40.6963
1.593946e-05	0.289693	40.8852
1.601310e-05	0.292369	41.075
1.608709e-05	0.29507	41.2657
1.616142e-05	0.297797	41.4572
1.623609e-05	0.300548	41.6496
1.631111e-05	0.303325	41.843
1.638647e-05	0.306127	42.0371
1.646219e-05	0.308956	42.2322
1.653825e-05	0.311811	42.4282
1.661466e-05	0.314692	42.6251
1.669143e-05	0.3176	42.8229
1.676855e-05	0.320534	43.0216
1.684603e-05	0.323496	43.2212
1.692386e-05	0.326486	43.4217
1.700206e-05	0.329503	43.6232
1.708062e-05	0.332548	43.8256
1.715954e-05	0.335621	44.0289
1.723882e-05	0.338722	44.2331
1.731847e-05	0.341853	44.4383
1.739849e-05	0.345012	44.6445
1.747888e-05	0.348201	44.8515
1.755964e-05	0.351419	45.0596
1.764077e-05	0.354667	45.2685
1.772228e-05	0.357945	45.4785
1.780416e-05	0.361253	45.6894
1.788643e-05	0.364592	45.9013
1.796907e-05	0.367962	46.1142
1.805209e-05	0.371363	46.328
1.813550e-05	0.374796	46.5428
1.821929e-05	0.37826	46.7586
1.830348e-05	0.381756	46.9754
1.838805e-05	0.385285	47.1932
1.847301e-05	0.388847	47.412
1.855836e-05	0.392441	47.6318
1.864411e-05	0.396069	47.8526
1.873025e-05	0.39973	48.0745
1.881679e-05	0.403426	48.2973
1.890373e-05	0.407155	48.5212
1.899108e-05	0.410919	48.7461
1.907882e-05	0.414718	48.9721
1.916698e-05	0.418552	49.1991
1.925554e-05	0.422421	49.4271
1.934450e-05	0.426327	49.6562
1.943388e-05	0.430268	49.8863
1.952368e-05	0.434246	50.1175
1.961388e-05	0.438261	50.3498
1.970451e-05	0.442313	50.5831
1.979555e-05	0.446402	50.8175
1.988702e-05	0.45053	51.053
1.997890e-05	0.454695	51.2895
2.007121e-05	0.4589	51.5272
2.016395e-05	0.463143	51.7659
2.025712e-05	0.467425	52.0058
2.035071e-05	0.471747	52.2467
2.044474e-05	0.476109	52.4888
2.053920e-05	0.480511	52.732
2.063410e-05	0.484955	52.9763
2.072944e-05	0.489439	53.2217
2.082522e-05	0.493965	53.4682
2.092144e-05	0.498533	53.7159
2.101811e-05	0.503143	53.9647
2.111522e-05	0.507795	54.2147
2.121278e-05	0.512491	54.4658
2.131079e-05	0.51723	54.7181
2.140926e-05	0.522013	54.9715
2.150818e-05	0.526841	55.2261
2.160756e-05	0.531713	55.4819
2.170739e-05	0.53663	55.7388
2.180769e-05	0.541593	55.997
2.190845e-05	0.546601	56.2563
2.200968e-05	0.551657	56.5168
2.211137e-05	0.556758	56.7785
2.221353e-05	0.561907	57.0415
2.231617e-05	0.567104	57.3056
2.241928e-05	0.572349	57.5709
2.252287e-05	0.577642	57.8375
2.262693e-05	0.582985	58.1053
2.273148e-05	0.588377	58.3744
2.283651e-05	0.593819	58.6446
2.294202e-05	0.599311	58.9161
2.304802e-05	0.604854	59.1889
2.315451e-05	0.610448	59.4629
2.326150e-05	0.616094	59.7382
2.336898e-05	0.621792	60.0148
2.347695e-05	0.627544	60.2926
2.358542e-05	0.633348	60.5717
2.369440e-05	0.639206	60.8521
2.380388e-05	0.645118	61.1338
2.391386e-05	0.651085	61.4168
2.402435e-05	0.657108	61.701
2.413535e-05	0.663186	61.9866
2.424687e-05	0.66932	62.2735
2.435890e-05	0.675511	62.5618
2.447145e-05	0.68176	62.8513
2.458452e-05	0.688066	63.1422
2.469811e-05	0.69443	63.4345
2.481222e-05	0.700854	63.728
2.492687e-05	0.707337	64.023
2.504204e-05	0.71388	64.3192
2.515774e-05	0.720484	64.6169
2.527398e-05	0.727148	64.9159
2.539076e-05	0.733875	65.2163
2.550808e-05	0.740663	65.5181
2.562593e-05	0.747515	65.8213
2.574434e-05	0.75443	66.1259
2.586329e-05	0.761409	66.4318
2.598279e-05	0.768452	66.7392
2.610284e-05	0.775561	67.048
2.622344e-05	0.782735	67.3582
2.634461e-05	0.789976	67.6699
2.646633e-05	0.797284	67.983
2.658862e-05	0.80466	68.2975
2.671147e-05	0.812104	68.6135
2.683488e-05	0.819616	68.9309
2.695887e-05	0.827199	69.2498
2.708343e-05	0.834851	69.5702
2.720857e-05	0.842574	69.892
2.733429e-05	0.850369	70.2153
2.746058e-05	0.858236	70.5402
2.758746e-05	0.866176	70.8665
2.771493e-05	0.874189	71.1943
2.784298e-05	0.882276	71.5236
2.797163e-05	0.890438	71.8544
2.810087e-05	0.898676	72.1868
2.823071e-05	0.90699	72.5207
2.836114e-05	0.915381	72.8561
2.849219e-05	0.92385	73.1931
2.862383e-05	0.932397	73.5316
2.875609e-05	0.941023	73.8717
2.888895e-05	0.949729	74.2134
2.902243e-05	0.958515	74.5566
2.915653e-05	0.967383	74.9014
2.929124e-05	0.976333	75.2478
2.942658e-05	0.985366	75.5958
2.956254e-05	0.994482	75.9454
2.969913e-05	1.00368	76.2966
2.983636e-05	1.01297	76.6495
2.997421e-05	1.02234	77.0039
3.011271e-05	1.0318	77.36
3.025184e-05	1.04134	77.7177
3.039162e-05	1.05098	78.0771
3.053204e-05	1.0607	78.4381
3.067311e-05	1.07052	78.8008
3.081483e-05	1.08042	79.1652
3.095721e-05	1.09042	79.5312
3.110024e-05	1.1005	79.899
3.124394e-05	1.11069	80.2684
3.138830e-05	1.12096	80.6395
3.153333e-05	1.13133	81.0124
3.167902e-05	1.1418	81.3869
3.182540e-05	1.15236	81.7632
3.197244e-05	1.16303	82.1412
3.212017e-05	1.17379	82.5209
3.226858e-05	1.18465	82.9025
3.241767e-05	1.19561	83.2857
3.256745e-05	1.20667	83.6707
3.271793e-05	1.21783	84.0575
3.286910e-05	1.2291	84.4461
3.302097e-05	1.24047	84.8365
3.317354e-05	1.25195	85.2286
3.332682e-05	1.26353	85.6226
3.348080e-05	1.27522	86.0184
3.363550e-05	1.28702	86.416
3.379091e-05	1.29893	86.8155
3.394703e-05	1.31094	87.2168
3.410388e-05	1.32307	87.6199
3.426146e-05	1.33531	88.0249
3.441976e-05	1.34767	88.4317
3.457879e-05	1.36014	88.8405
3.473856e-05	1.37272	89.2511
3.489907e-05	1.38542	89.6636
3.506032e-05	1.39824	90.078
3.522231e-05	1.41118	90.4943
3.538505e-05	1.42423	90.9125
3.554855e-05	1.43741	91.3327
3.571280e-05	1.45071	91.7548
3.587780e-05	1.46413	92.1788
3.604358e-05	1.47768	92.6048
3.621011e-05	1.49135	93.0327
3.637742e-05	1.50514	93.4626
3.654550e-05	1.51907	93.8945
3.671435e-05	1.53312	94.3284
3.688399e-05	1.54731	94.7643
3.705441e-05	1.56162	95.2022
3.722561e-05	1.57607	95.6421
3.739761e-05	1.59065	96.084
3.757041e-05	1.60537	96.528
3.774400e-05	1.62022	96.974
3.791839e-05	1.63521	97.4221
3.809359e-05	1.65034	97.8722
3.826960e-05	1.66561	98.3244
3.844642e-05	1.68102	98.7787
3.862406e-05	1.69657	99.2351
3.880252e-05	1.71227	99.6936
3.898180e-05	1.72811	100.154
3.916191e-05	1.74409	100.617
3.934286e-05	1.76023	101.082
3.952464e-05	1.77651	101.549
3.970726e-05	1.79295	102.018
3.989072e-05	1.80954	102.489
4.007503e-05	1.82628	102.963
4.026020e-05	1.84317	103.438
4.044622e-05	1.86022	103.916
4.063310e-05	1.87743	104.396
4.082084e-05	1.8948	104.878
4.100945e-05	1.91233	105.363
4.119893e-05	1.93002	105.849
4.138928e-05	1.94788	106.338
4.158052e-05	1.9659	106.83
4.177264e-05	1.98408	107.323
4.196565e-05	2.00244	107.819
4.215955e-05	2.02096	108.317
4.235434e-05	2.03966	108.817
4.255004e-05	2.05853	109.32
4.274664e-05	2.07757	109.825
4.294414e-05	2.09679	110.332
4.314256e-05	2.11619	110.841
4.334190e-05	2.13576	111.353
4.354216e-05	2.15552	111.868
4.374334e-05	2.17546	112.384
4.394545e-05	2.19558	112.903
4.414850e-05	2.21589	113.425
4.435248e-05	2.23639	113.948
4.455741e-05	2.25708	114.475
4.476329e-05	2.27796	115.003
4.497011e-05	2.29903	115.534
4.517789e-05	2.32029	116.068
4.538663e-05	2.34176	116.604
4.559634e-05	2.36342	117.142
4.580701e-05	2.38528	117.683
4.601866e-05	2.40734	118.226
4.623129e-05	2.42961	118.772
4.644489e-05	2.45209	119.321
4.665949e-05	2.47477	119.872
4.687508e-05	2.49766	120.425
4.709166e-05	2.52076	120.981
4.730924e-05	2.54408	121.54
4.752783e-05	2.56761	122.101
4.774743e-05	2.59136	122.664
4.796804e-05	2.61532	123.231
4.818967e-05	2.63951	123.8
4.841233e-05	2.66393	124.371
4.863602e-05	2.68857	124.945
4.886073e-05	2.71343	125.522
4.908649e-05	2.73853	126.102
4.931329e-05	2.76386	126.684
4.954114e-05	2.78942	127.268
4.977004e-05	2.81522	127.856
5.000000e-05	2.84125	128.446
