Wavelength(m)	n	k
# material: SiO2
# source: lab MATLAB library, wavnk_SiO2_JwKang_260409.mat (via optprop_SiO2_JwKang_260409.m)
# type: tabulated nk
# range: 1.2524e-06 - 3.9884e-05 m
# converted: 2026-08-03 by tools/convert_matlab_optprop.py
1.252393e-06	1.4499	0
1.277700e-06	1.44968	0
1.285302e-06	1.44961	0
1.307999e-06	1.4494	0
1.319987e-06	1.44929	0
1.320659e-06	1.44929	0
1.359441e-06	1.44892	0
1.362298e-06	1.44889	0
1.363015e-06	1.44889	0
1.370219e-06	1.44882	0
1.370943e-06	1.44881	0
1.371669e-06	1.4488	0
1.372395e-06	1.4488	0
1.373850e-06	1.44878	0
1.374578e-06	1.44878	0
1.375307e-06	1.44877	0
1.377500e-06	1.44875	0
1.378965e-06	1.44873	0
1.384119e-06	1.44868	0
1.386339e-06	1.44866	0
1.387824e-06	1.44865	0
1.390802e-06	1.44862	0
1.391548e-06	1.44861	0
1.393793e-06	1.44859	0
1.394542e-06	1.44858	0
1.395293e-06	1.44857	0
1.396044e-06	1.44857	0
1.397549e-06	1.44855	0
1.398303e-06	1.44854	0
1.399058e-06	1.44854	0
1.399813e-06	1.44853	0
1.402084e-06	1.44851	0
1.405124e-06	1.44848	0
1.405886e-06	1.44847	0
1.406649e-06	1.44846	0
1.407413e-06	1.44846	0
1.408177e-06	1.44845	0
1.410476e-06	1.44843	0
1.412012e-06	1.44841	0
1.412782e-06	1.4484	0
1.417416e-06	1.44836	0
1.419745e-06	1.44833	0
1.420523e-06	1.44833	0
1.421302e-06	1.44832	0
1.422081e-06	1.44831	0
1.422862e-06	1.4483	0
1.423643e-06	1.44829	0
1.425209e-06	1.44828	0
1.425992e-06	1.44827	0
1.426777e-06	1.44826	0
1.428349e-06	1.44825	0
1.429137e-06	1.44824	0
1.430714e-06	1.44822	0
1.431504e-06	1.44822	0
1.432295e-06	1.44821	0
1.433087e-06	1.4482	0
1.433880e-06	1.44819	0
1.434673e-06	1.44818	0
1.435467e-06	1.44817	0
1.436263e-06	1.44817	0
1.437059e-06	1.44816	0
1.437856e-06	1.44815	0
1.438654e-06	1.44814	0
1.439453e-06	1.44813	0
1.440252e-06	1.44813	0
1.441053e-06	1.44812	0
1.442657e-06	1.4481	0
1.443460e-06	1.44809	0
1.445069e-06	1.44808	0
1.445875e-06	1.44807	0
1.446682e-06	1.44806	0
1.447490e-06	1.44805	0
1.448299e-06	1.44805	0
1.449108e-06	1.44804	0
1.449919e-06	1.44803	0
1.450730e-06	1.44802	0
1.451542e-06	1.44801	0
1.452355e-06	1.448	0
1.453169e-06	1.44799	0
1.453984e-06	1.44799	0
1.454800e-06	1.44798	0
1.455617e-06	1.44797	0
1.456435e-06	1.44796	0
1.457254e-06	1.44795	0
1.458073e-06	1.44795	0
1.458894e-06	1.44794	0
1.459715e-06	1.44793	0
1.460538e-06	1.44792	0
1.461361e-06	1.44791	0
1.462185e-06	1.4479	0
1.463010e-06	1.44789	0
1.463836e-06	1.44789	0
1.464664e-06	1.44788	0
1.465491e-06	1.44787	0
1.466320e-06	1.44786	0
1.467150e-06	1.44785	0
1.467981e-06	1.44784	0
1.468813e-06	1.44783	0
1.469645e-06	1.44782	0
1.470479e-06	1.44782	0
1.471313e-06	1.44781	0
1.472149e-06	1.4478	0
1.472985e-06	1.44779	0
1.473823e-06	1.44778	0
1.474661e-06	1.44777	0
1.475500e-06	1.44776	0
1.476341e-06	1.44775	0
1.477182e-06	1.44775	0
1.478024e-06	1.44774	0
1.478867e-06	1.44773	0
1.479711e-06	1.44772	0
1.480556e-06	1.44771	0
1.481402e-06	1.4477	0
1.482249e-06	1.44769	0
1.483097e-06	1.44769	0
1.483946e-06	1.44768	0
1.484796e-06	1.44767	0
1.485647e-06	1.44766	0
1.486499e-06	1.44765	0
1.487352e-06	1.44764	0
1.488206e-06	1.44763	0
1.489060e-06	1.44762	0
1.489916e-06	1.44761	0
1.490773e-06	1.4476	0
1.491631e-06	1.44759	0
1.492489e-06	1.44759	0
1.493349e-06	1.44758	0
1.494210e-06	1.44757	0
1.495072e-06	1.44756	0
1.495934e-06	1.44755	0
1.496798e-06	1.44754	0
1.497663e-06	1.44753	0
1.498528e-06	1.44752	0
1.499395e-06	1.44751	0
1.500263e-06	1.4475	0
1.501132e-06	1.44749	0
1.502001e-06	1.44748	0
1.502872e-06	1.44748	0
1.503744e-06	1.44747	0
1.504616e-06	1.44746	0
1.505490e-06	1.44745	0
1.506365e-06	1.44744	0
1.507241e-06	1.44743	0
1.508118e-06	1.44742	0
1.508996e-06	1.44741	0
1.509874e-06	1.4474	0
1.510754e-06	1.44739	0
1.511635e-06	1.44738	0
1.512517e-06	1.44737	0
1.513400e-06	1.44736	0
1.514284e-06	1.44735	0
1.515169e-06	1.44735	0
1.516055e-06	1.44734	0
1.516942e-06	1.44733	0
1.517830e-06	1.44732	0
1.518720e-06	1.44731	0
1.519610e-06	1.4473	0
1.520501e-06	1.44729	0
1.521393e-06	1.44728	0
1.522287e-06	1.44727	0
1.523181e-06	1.44726	0
1.524077e-06	1.44725	0
1.524973e-06	1.44724	0
1.525871e-06	1.44723	0
1.526769e-06	1.44722	0
1.527669e-06	1.44721	0
1.528570e-06	1.4472	0
1.529472e-06	1.44719	0
1.530374e-06	1.44718	0
1.531278e-06	1.44717	0
1.532183e-06	1.44716	0
1.533089e-06	1.44715	0
1.533997e-06	1.44714	0
1.534905e-06	1.44713	0
1.535814e-06	1.44712	0
1.536725e-06	1.44711	0
1.537636e-06	1.4471	0
1.538549e-06	1.44709	0
1.539462e-06	1.44708	0
1.540377e-06	1.44707	0
1.541293e-06	1.44706	0
1.542210e-06	1.44705	0
1.543127e-06	1.44704	0
1.544047e-06	1.44703	0
1.544967e-06	1.44702	0
1.545888e-06	1.44701	0
1.546810e-06	1.447	0
1.547734e-06	1.44699	0
1.548658e-06	1.44698	0
1.549584e-06	1.44697	0
1.550511e-06	1.44696	0
1.551439e-06	1.44695	0
1.552368e-06	1.44694	0
1.553298e-06	1.44693	0
1.554229e-06	1.44692	0
1.555162e-06	1.44691	0
1.556095e-06	1.4469	0
1.557030e-06	1.44689	0
1.557965e-06	1.44688	0
1.558902e-06	1.44687	0
1.559840e-06	1.44686	0
1.560779e-06	1.44685	0
1.561719e-06	1.44684	0
1.562661e-06	1.44683	0
1.563603e-06	1.44682	0
1.564547e-06	1.44681	0
1.565492e-06	1.4468	0
1.566438e-06	1.44678	0
1.567385e-06	1.44677	0
1.568333e-06	1.44676	0
1.569282e-06	1.44675	0
1.570233e-06	1.44674	0
1.571185e-06	1.44673	0
1.572137e-06	1.44672	0
1.573091e-06	1.44671	0
1.574046e-06	1.4467	0
1.575003e-06	1.44669	0
1.575960e-06	1.44668	0
1.576919e-06	1.44667	0
1.577878e-06	1.44666	0
1.578839e-06	1.44665	0
1.579802e-06	1.44663	0
1.580765e-06	1.44662	0
1.581729e-06	1.44661	0
1.582695e-06	1.4466	0
1.583662e-06	1.44659	0
1.584630e-06	1.44658	0
1.585599e-06	1.44657	0
1.586569e-06	1.44656	0
1.587541e-06	1.44655	0
1.588514e-06	1.44654	0
1.589488e-06	1.44653	0
1.590463e-06	1.44651	0
1.591439e-06	1.4465	0
1.592417e-06	1.44649	0
1.593395e-06	1.44648	0
1.594375e-06	1.44647	0
1.595357e-06	1.44646	0
1.596339e-06	1.44645	0
1.597322e-06	1.44644	0
1.598307e-06	1.44643	0
1.599293e-06	1.44642	0
1.600280e-06	1.4464	0
1.601269e-06	1.44639	0
1.602258e-06	1.44638	0
1.603249e-06	1.44637	0
1.604241e-06	1.44636	0
1.605235e-06	1.44635	0
1.606229e-06	1.44634	0
1.607225e-06	1.44632	0
1.608222e-06	1.44631	0
1.609220e-06	1.4463	0
1.610220e-06	1.44629	0
1.611221e-06	1.44628	0
1.612223e-06	1.44627	0
1.613226e-06	1.44626	0
1.614231e-06	1.44624	0
1.615236e-06	1.44623	0
1.616243e-06	1.44622	0
1.617252e-06	1.44621	0
1.618261e-06	1.4462	0
1.619272e-06	1.44619	0
1.620284e-06	1.44617	0
1.621297e-06	1.44616	0
1.622312e-06	1.44615	0
1.623328e-06	1.44614	0
1.624345e-06	1.44613	0
1.625363e-06	1.44612	0
1.626383e-06	1.4461	0
1.627404e-06	1.44609	0
1.628426e-06	1.44608	0
1.629449e-06	1.44607	0
1.630474e-06	1.44606	0
1.631500e-06	1.44604	0
1.632528e-06	1.44603	0
1.633557e-06	1.44602	0
1.634587e-06	1.44601	0
1.635618e-06	1.446	0
1.636650e-06	1.44598	0
1.637684e-06	1.44597	0
1.638719e-06	1.44596	0
1.639756e-06	1.44595	0
1.640794e-06	1.44593	0
1.641833e-06	1.44592	0
1.642873e-06	1.44591	0
1.643915e-06	1.4459	0
1.644958e-06	1.44589	0
1.646003e-06	1.44587	0
1.647048e-06	1.44586	0
1.648096e-06	1.44585	0
1.649144e-06	1.44584	0
1.650194e-06	1.44582	0
1.651245e-06	1.44581	0
1.652297e-06	1.4458	0
1.653351e-06	1.44579	0
1.654406e-06	1.44578	0
1.655463e-06	1.44576	0
1.656520e-06	1.44575	0
1.657579e-06	1.44574	0
1.658640e-06	1.44572	0
1.659702e-06	1.44571	0
1.660765e-06	1.4457	0
1.661830e-06	1.44569	0
1.662896e-06	1.44567	0
1.663963e-06	1.44566	0
1.665032e-06	1.44565	0
1.666102e-06	1.44564	0
1.667173e-06	1.44562	0
1.668246e-06	1.44561	0
1.669320e-06	1.4456	0
1.670396e-06	1.44558	0
1.671473e-06	1.44557	0
1.672551e-06	1.44556	0
1.673631e-06	1.44555	0
1.674712e-06	1.44553	0
1.675795e-06	1.44552	0
1.676879e-06	1.44551	0
1.677964e-06	1.44549	0
1.679051e-06	1.44548	0
1.680139e-06	1.44547	0
1.681228e-06	1.44545	0
1.682320e-06	1.44544	0
1.683412e-06	1.44543	0
1.684506e-06	1.44541	0
1.685601e-06	1.4454	0
1.686698e-06	1.44539	0
1.687796e-06	1.44538	0
1.688895e-06	1.44536	0
1.689996e-06	1.44535	0
1.691099e-06	1.44534	0
1.692203e-06	1.44532	0
1.693308e-06	1.44531	0
1.694414e-06	1.44529	0
1.695523e-06	1.44528	0
1.696632e-06	1.44527	0
1.697744e-06	1.44525	0
1.698856e-06	1.44524	0
1.699970e-06	1.44523	0
1.701085e-06	1.44521	0
1.702202e-06	1.4452	0
1.703321e-06	1.44519	0
1.704441e-06	1.44517	0
1.705562e-06	1.44516	0
1.706685e-06	1.44515	0
1.707809e-06	1.44513	0
1.708935e-06	1.44512	0
1.710062e-06	1.4451	0
1.711191e-06	1.44509	0
1.712321e-06	1.44508	0
1.713453e-06	1.44506	0
1.714586e-06	1.44505	0
1.715721e-06	1.44504	0
1.716857e-06	1.44502	0
1.717995e-06	1.44501	0
1.719134e-06	1.44499	0
1.720275e-06	1.44498	0
1.721417e-06	1.44496	0
1.722561e-06	1.44495	0
1.723706e-06	1.44494	0
1.724853e-06	1.44492	0
1.726001e-06	1.44491	0
1.727152e-06	1.44489	0
1.728303e-06	1.44488	0
1.729456e-06	1.44487	0
1.730610e-06	1.44485	0
1.731766e-06	1.44484	0
1.732924e-06	1.44482	0
1.734083e-06	1.44481	0
1.735244e-06	1.44479	0
1.736406e-06	1.44478	0
1.737570e-06	1.44476	0
1.738735e-06	1.44475	0
1.739902e-06	1.44473	0
1.741071e-06	1.44472	0
1.742241e-06	1.4447	0
1.743412e-06	1.44469	0
1.744586e-06	1.44468	0
1.745760e-06	1.44466	0
1.746937e-06	1.44465	0
1.748115e-06	1.44463	0
1.749294e-06	1.44462	0
1.750476e-06	1.4446	0
1.751658e-06	1.44459	0
1.752843e-06	1.44457	0
1.754029e-06	1.44456	0
1.755216e-06	1.44454	0
1.756405e-06	1.44453	0
1.757596e-06	1.44451	0
1.758788e-06	1.4445	0
1.759982e-06	1.44448	0
1.761178e-06	1.44447	0
1.762375e-06	1.44445	0
1.763574e-06	1.44444	0
1.764775e-06	1.44442	0
1.765977e-06	1.4444	0
1.767181e-06	1.44439	0
1.768386e-06	1.44437	0
1.769593e-06	1.44436	0
1.770802e-06	1.44434	0
1.772012e-06	1.44433	0
1.773224e-06	1.44431	0
1.774438e-06	1.4443	0
1.775654e-06	1.44428	0
1.776870e-06	1.44427	0
1.778089e-06	1.44425	0
1.779310e-06	1.44423	0
1.780532e-06	1.44422	0
1.781756e-06	1.4442	0
1.782981e-06	1.44419	0
1.784208e-06	1.44417	0
1.785437e-06	1.44416	0
1.786667e-06	1.44414	0
1.787899e-06	1.44412	0
1.789133e-06	1.44411	0
1.790369e-06	1.44409	0
1.791606e-06	1.44408	0
1.792845e-06	1.44406	0
1.794086e-06	1.44404	0
1.795328e-06	1.44403	0
1.796573e-06	1.44401	0
1.797818e-06	1.44399	0
1.799066e-06	1.44398	0
1.800315e-06	1.44396	0
1.801566e-06	1.44395	0
1.802819e-06	1.44393	0
1.804074e-06	1.44391	0
1.805330e-06	1.4439	0
1.806589e-06	1.44388	0
1.807848e-06	1.44386	0
1.809110e-06	1.44385	0
1.810373e-06	1.44383	0
1.811638e-06	1.44382	0
1.812905e-06	1.4438	0
1.814174e-06	1.44378	0
1.815444e-06	1.44376	0
1.816716e-06	1.44375	0
1.817990e-06	1.44373	0
1.819266e-06	1.44372	0
1.820544e-06	1.4437	0
1.821823e-06	1.44368	0
1.823104e-06	1.44366	0
1.824387e-06	1.44365	0
1.825672e-06	1.44363	0
1.826959e-06	1.44361	0
1.828247e-06	1.4436	0
1.829537e-06	1.44358	0
1.830829e-06	1.44356	0
1.832123e-06	1.44355	0
1.833419e-06	1.44353	0
1.834716e-06	1.44351	0
1.836016e-06	1.44349	0
1.837317e-06	1.44348	0
1.838620e-06	1.44346	0
1.839925e-06	1.44344	0
1.841232e-06	1.44342	0
1.842540e-06	1.44341	0
1.843851e-06	1.44339	0
1.845163e-06	1.44337	0
1.846477e-06	1.44335	0
1.847794e-06	1.44334	0
1.849111e-06	1.44332	0
1.850431e-06	1.4433	0
1.851753e-06	1.44328	0
1.853077e-06	1.44327	0
1.854402e-06	1.44325	0
1.855730e-06	1.44323	0
1.857059e-06	1.44321	0
1.858390e-06	1.44319	0
1.859723e-06	1.44318	0
1.861058e-06	1.44316	0
1.862396e-06	1.44314	0
1.863734e-06	1.44312	0
1.865075e-06	1.4431	0
1.866418e-06	1.44308	0
1.867762e-06	1.44307	0
1.869109e-06	1.44305	0
1.870458e-06	1.44303	0
1.871808e-06	1.44301	0
1.873160e-06	1.44299	0
1.874515e-06	1.44297	0
1.875871e-06	1.44296	0
1.877229e-06	1.44294	0
1.878590e-06	1.44292	0
1.879952e-06	1.4429	0
1.881317e-06	1.44288	0
1.882683e-06	1.44286	0
1.884051e-06	1.44284	0
1.885422e-06	1.44283	0
1.886794e-06	1.44281	0
1.888168e-06	1.44279	0
1.889544e-06	1.44277	0
1.890922e-06	1.44275	0
1.892302e-06	1.44273	0
1.893685e-06	1.44271	0
1.895069e-06	1.44269	0
1.896455e-06	1.44267	0
1.897844e-06	1.44265	0
1.899234e-06	1.44263	0
1.900626e-06	1.44261	0
1.902021e-06	1.4426	0
1.903417e-06	1.44258	0
1.904816e-06	1.44256	0
1.906216e-06	1.44254	0
1.907619e-06	1.44252	0
1.909024e-06	1.4425	0
1.910431e-06	1.44248	0
1.911839e-06	1.44246	0
1.913250e-06	1.44244	0
1.914663e-06	1.44242	0
1.916079e-06	1.4424	0
1.917496e-06	1.44238	0
1.918915e-06	1.44236	0
1.920336e-06	1.44234	0
1.921760e-06	1.44232	0
1.923186e-06	1.4423	0
1.924613e-06	1.44228	0
1.926043e-06	1.44226	0
1.927475e-06	1.44224	0
1.928909e-06	1.44222	0
1.930346e-06	1.4422	0
1.931784e-06	1.44218	0
1.933224e-06	1.44216	0
1.934667e-06	1.44214	0
1.936112e-06	1.44212	0
1.937559e-06	1.4421	0
1.939008e-06	1.44208	0
1.940460e-06	1.44206	0
1.941913e-06	1.44203	0
1.943369e-06	1.44202	0
1.944827e-06	1.44199	0
1.946287e-06	1.44197	0
1.947749e-06	1.44195	0
1.949214e-06	1.44193	0
1.950680e-06	1.44191	0
1.952149e-06	1.44189	0
1.953620e-06	1.44187	0
1.955094e-06	1.44185	0
1.956569e-06	1.44183	0
1.958047e-06	1.44181	0
1.959527e-06	1.44178	0
1.961009e-06	1.44176	0
1.962494e-06	1.44174	0
1.963981e-06	1.44172	0
1.965469e-06	1.4417	0
1.966961e-06	1.44168	0
1.968454e-06	1.44165	0
1.969950e-06	1.44163	0
1.971448e-06	1.44161	0
1.972948e-06	1.44159	0
1.974451e-06	1.44157	0
1.975956e-06	1.44155	0
1.977463e-06	1.44152	0
1.978973e-06	1.4415	0
1.980484e-06	1.44148	0
1.981999e-06	1.44146	0
1.983515e-06	1.44144	0
1.985034e-06	1.44141	0
1.986555e-06	1.44139	0
1.988078e-06	1.44137	0
1.989604e-06	1.44135	0
1.991132e-06	1.44132	0
1.992663e-06	1.4413	0
1.994196e-06	1.44128	0
1.995731e-06	1.44126	0
1.997269e-06	1.44124	0
1.998808e-06	1.44121	0
2.000350e-06	1.44119	0
2.001895e-06	1.44117	0
2.003442e-06	1.44114	0
2.004992e-06	1.44112	0
2.006544e-06	1.4411	0
2.008098e-06	1.44108	0
2.009654e-06	1.44105	0
2.011213e-06	1.44103	0
2.012775e-06	1.44101	0
2.014339e-06	1.44098	0
2.015905e-06	1.44096	0
2.017474e-06	1.44094	0
2.019045e-06	1.44091	0
2.020619e-06	1.44089	0
2.022195e-06	1.44087	0
2.023774e-06	1.44084	0
2.025355e-06	1.44082	0
2.026938e-06	1.4408	0
2.028525e-06	1.44077	0
2.030113e-06	1.44075	0
2.031704e-06	1.44072	0
2.033297e-06	1.4407	0
2.034894e-06	1.44068	0
2.036492e-06	1.44065	0
2.038093e-06	1.44063	0
2.039696e-06	1.4406	0
2.041302e-06	1.44058	0
2.042911e-06	1.44056	0
2.044522e-06	1.44053	0
2.046136e-06	1.44051	0
2.047752e-06	1.44048	0
2.049371e-06	1.44046	0
2.050992e-06	1.44043	0
2.052616e-06	1.44041	0
2.054243e-06	1.44038	0
2.055872e-06	1.44036	0
2.057503e-06	1.44033	0
2.059138e-06	1.44031	0
2.060775e-06	1.44028	0
2.062414e-06	1.44026	0
2.064056e-06	1.44023	0
2.065700e-06	1.44021	0
2.067348e-06	1.44018	0
2.068998e-06	1.44016	0
2.070651e-06	1.44013	0
2.072306e-06	1.44011	0
2.073963e-06	1.44008	0
2.075624e-06	1.44006	0
2.077287e-06	1.44003	0
2.078953e-06	1.44	0
2.080622e-06	1.43998	0
2.082293e-06	1.43995	0
2.083966e-06	1.43993	0
2.085643e-06	1.4399	0
2.087322e-06	1.43988	0
2.089004e-06	1.43985	0
2.090689e-06	1.43982	0
2.092376e-06	1.4398	0
2.094067e-06	1.43977	0
2.095759e-06	1.43974	0
2.097455e-06	1.43972	0
2.099153e-06	1.43969	0
2.100854e-06	1.43966	0
2.102558e-06	1.43964	0
2.104265e-06	1.43961	0
2.105974e-06	1.43958	0
2.107686e-06	1.43956	0
2.109401e-06	1.43953	0
2.111119e-06	1.4395	0
2.112840e-06	1.43948	0
2.114563e-06	1.43945	0
2.116289e-06	1.43942	0
2.118018e-06	1.43939	0
2.119750e-06	1.43937	0
2.121485e-06	1.43934	0
2.123222e-06	1.43931	0
2.124963e-06	1.43929	0
2.126706e-06	1.43926	0
2.128452e-06	1.43923	0
2.130200e-06	1.4392	0
2.131953e-06	1.43918	0
2.133707e-06	1.43915	0
2.135465e-06	1.43912	0
2.137225e-06	1.43909	0
2.138989e-06	1.43906	0
2.140755e-06	1.43903	0
2.142524e-06	1.43901	0
2.144296e-06	1.43898	0
2.146071e-06	1.43895	0
2.147849e-06	1.43892	0
2.149631e-06	1.43889	0
2.151414e-06	1.43886	0
2.153201e-06	1.43883	0
2.154991e-06	1.43881	0
2.156784e-06	1.43878	0
2.158580e-06	1.43875	0
2.160379e-06	1.43872	0
2.162180e-06	1.43869	0
2.163985e-06	1.43866	0
2.165793e-06	1.43863	0
2.167604e-06	1.4386	0
2.169418e-06	1.43857	0
2.171235e-06	1.43854	0
2.173055e-06	1.43851	0
2.174878e-06	1.43848	0
2.176704e-06	1.43845	0
2.178533e-06	1.43842	0
2.180365e-06	1.43839	0
2.182201e-06	1.43836	0
2.184039e-06	1.43833	0
2.185881e-06	1.4383	0
2.187725e-06	1.43827	0
2.189573e-06	1.43824	0
2.191423e-06	1.43821	0
2.193278e-06	1.43818	0
2.195135e-06	1.43815	0
2.196995e-06	1.43812	0
2.198858e-06	1.43809	0
2.200725e-06	1.43806	0
2.202595e-06	1.43803	0
2.204468e-06	1.438	0
2.206344e-06	1.43796	0
2.208224e-06	1.43793	0
2.210106e-06	1.4379	0
2.211992e-06	1.43787	0
2.213881e-06	1.43784	0
2.215773e-06	1.43781	0
2.217668e-06	1.43778	0
2.219567e-06	1.43775	0
2.221469e-06	1.43771	0
2.223374e-06	1.43768	0
2.225283e-06	1.43765	0
2.227194e-06	1.43762	0
2.229109e-06	1.43758	0
2.231028e-06	1.43755	0
2.232949e-06	1.43752	0
2.234875e-06	1.43749	0
2.236803e-06	1.43745	0
2.238734e-06	1.43742	0
2.240669e-06	1.43739	0
2.242608e-06	1.43736	0
2.244549e-06	1.43732	0
2.246494e-06	1.43729	0
2.248443e-06	1.43726	0
2.250394e-06	1.43722	0
2.252350e-06	1.43719	0
2.254308e-06	1.43716	0
2.256270e-06	1.43712	0
2.258235e-06	1.43709	0
2.260204e-06	1.43706	0
2.262177e-06	1.43702	0
2.264152e-06	1.43699	0
2.266131e-06	1.43695	0
2.268114e-06	1.43692	0
2.270100e-06	1.43689	0
2.272089e-06	1.43685	0
2.274083e-06	1.43682	0
2.276079e-06	1.43678	0
2.278079e-06	1.43675	0
2.280083e-06	1.43671	0
2.282090e-06	1.43668	0
2.284101e-06	1.43664	0
2.286115e-06	1.43661	0
2.288133e-06	1.43657	0
2.290154e-06	1.43654	0
2.292179e-06	1.4365	0
2.294207e-06	1.43647	0
2.296239e-06	1.43643	0
2.298275e-06	1.4364	0
2.300314e-06	1.43636	0
2.302357e-06	1.43633	0
2.304404e-06	1.43629	0
2.306454e-06	1.43625	0
2.308508e-06	1.43622	0
2.310565e-06	1.43618	0
2.312626e-06	1.43615	0
2.314692e-06	1.43611	0
2.316760e-06	1.43607	0
2.318832e-06	1.43604	0
2.320908e-06	1.436	0
2.322988e-06	1.43596	0
2.325071e-06	1.43592	0
2.327158e-06	1.43589	0
2.329249e-06	1.43585	0
2.331344e-06	1.43581	0
2.333442e-06	1.43578	0
2.335544e-06	1.43574	0
2.337650e-06	1.4357	0
2.339760e-06	1.43566	0
2.341874e-06	1.43562	0
2.343991e-06	1.43559	0
2.346113e-06	1.43555	0
2.348238e-06	1.43551	0
2.350366e-06	1.43547	0
2.352499e-06	1.43543	0
2.354636e-06	1.43539	0
2.356777e-06	1.43536	0
2.358921e-06	1.43532	0
2.361069e-06	1.43528	0
2.363221e-06	1.43524	0
2.365378e-06	1.4352	0
2.367538e-06	1.43516	0
2.369703e-06	1.43512	0
2.371870e-06	1.43508	0
2.374042e-06	1.43504	0
2.376219e-06	1.435	0
2.378398e-06	1.43496	0
2.380582e-06	1.43492	0
2.382771e-06	1.43488	0
2.384963e-06	1.43484	0
2.387158e-06	1.4348	0
2.389359e-06	1.43476	0
2.391563e-06	1.43472	0
2.393771e-06	1.43468	0
2.395984e-06	1.43464	0
2.398200e-06	1.4346	0
2.400420e-06	1.43456	0
2.402645e-06	1.43451	0
2.404874e-06	1.43447	0
2.407107e-06	1.43443	0
2.409344e-06	1.43439	0
2.411585e-06	1.43435	0
2.413831e-06	1.4343	0
2.416080e-06	1.43426	0
2.418334e-06	1.43422	0
2.420592e-06	1.43418	0
2.422854e-06	1.43413	0
2.425121e-06	1.43409	0
2.427392e-06	1.43405	0
2.429667e-06	1.434	0
2.431946e-06	1.43396	0
2.434229e-06	1.43392	0
2.436517e-06	1.43388	0
2.438809e-06	1.43383	0
2.441106e-06	1.43379	0
2.443406e-06	1.43374	0
2.445711e-06	1.4337	0
2.448021e-06	1.43365	0
2.450335e-06	1.43361	0
2.452653e-06	1.43357	0
2.454976e-06	1.43352	0
2.457303e-06	1.43348	0
2.459634e-06	1.43343	0
2.461970e-06	1.43339	0
2.464310e-06	1.43334	0
2.466655e-06	1.43329	0
2.469004e-06	1.43325	0
2.471358e-06	1.4332	0
2.473716e-06	1.43316	0
2.476079e-06	1.43311	0
2.478446e-06	1.43306	0
2.480818e-06	1.43302	0
2.483194e-06	1.43297	0
2.485574e-06	1.43292	0
2.487960e-06	1.43288	0
2.490350e-06	1.43283	0
2.492744e-06	1.43278	0
2.495144e-06	1.43273	0
2.497547e-06	1.43269	0
2.499956e-06	1.43264	0
2.502369e-06	1.43259	0
2.504787e-06	1.43254	0
2.507209e-06	1.43249	0
2.509636e-06	1.43244	0
2.512068e-06	1.43239	0
2.514504e-06	1.43234	0
2.516946e-06	1.43229	0
2.519392e-06	1.43224	0
2.521843e-06	1.43219	0
2.524298e-06	1.43214	0
2.526758e-06	1.43209	0
2.529224e-06	1.43204	0
2.531693e-06	1.43199	0
2.534168e-06	1.43193	0
2.536648e-06	1.43188	1e-06
2.539132e-06	1.43183	1e-06
2.541622e-06	1.43177	2e-06
2.544116e-06	1.43172	4e-06
2.546615e-06	1.43166	6e-06
2.549119e-06	1.43161	8e-06
2.551628e-06	1.43155	1.2e-05
2.554142e-06	1.4315	1.7e-05
2.556661e-06	1.43144	2.2e-05
2.559185e-06	1.43139	2.8e-05
2.561714e-06	1.43134	3.5e-05
2.564247e-06	1.43128	4.1e-05
2.566787e-06	1.43123	4.6e-05
2.569330e-06	1.43118	5e-05
2.571879e-06	1.43113	5.2e-05
2.574433e-06	1.43108	5.1e-05
2.576992e-06	1.43102	4.9e-05
2.579557e-06	1.43096	4.7e-05
2.582126e-06	1.4309	4.6e-05
2.584700e-06	1.43084	4.6e-05
2.587280e-06	1.43077	5.1e-05
2.589864e-06	1.4307	6e-05
2.592454e-06	1.43062	7.5e-05
2.595050e-06	1.43055	9.8e-05
2.597650e-06	1.43048	0.000127
2.600255e-06	1.43042	0.000162
2.602866e-06	1.43037	0.000201
2.605482e-06	1.43033	0.000241
2.608103e-06	1.4303	0.00028
2.610729e-06	1.43027	0.000313
2.613361e-06	1.43026	0.000338
2.615998e-06	1.43025	0.000349
2.618641e-06	1.43024	0.000345
2.621288e-06	1.43023	0.000331
2.623941e-06	1.4302	0.000309
2.626600e-06	1.43017	0.000284
2.629264e-06	1.43013	0.000257
2.631933e-06	1.43008	0.00023
2.634608e-06	1.43002	0.000204
2.637288e-06	1.42996	0.000179
2.639973e-06	1.42989	0.000155
2.642665e-06	1.42982	0.000135
2.645361e-06	1.42974	0.000118
2.648064e-06	1.42966	0.000107
2.650771e-06	1.42957	0.000104
2.653484e-06	1.42947	0.00011
2.656203e-06	1.42937	0.000127
2.658927e-06	1.42928	0.000159
2.661657e-06	1.42918	0.000206
2.664393e-06	1.4291	0.000268
2.667134e-06	1.42904	0.000339
2.669880e-06	1.42899	0.000415
2.672633e-06	1.42897	0.000494
2.675391e-06	1.42897	0.000567
2.678155e-06	1.42899	0.000625
2.680925e-06	1.42904	0.00066
2.683700e-06	1.42909	0.000663
2.686481e-06	1.42913	0.000633
2.689268e-06	1.42916	0.000577
2.692060e-06	1.42917	0.000505
2.694858e-06	1.42915	0.000425
2.697663e-06	1.42911	0.000345
2.700473e-06	1.42906	0.000268
2.703290e-06	1.42898	0.000199
2.706111e-06	1.4289	0.000141
2.708938e-06	1.42881	9.6e-05
2.711772e-06	1.42871	6.3e-05
2.714612e-06	1.42862	4e-05
2.717457e-06	1.42853	2.4e-05
2.720309e-06	1.42844	1.3e-05
2.723166e-06	1.42835	7e-06
2.726029e-06	1.42827	3e-06
2.728899e-06	1.42819	2e-06
2.731775e-06	1.42811	1e-06
2.734656e-06	1.42804	0
2.737544e-06	1.42796	0
2.740438e-06	1.42789	0
2.743337e-06	1.42782	0
2.746244e-06	1.42774	1e-06
2.749156e-06	1.42767	1e-06
2.752074e-06	1.4276	1e-06
2.754999e-06	1.42753	2e-06
2.757930e-06	1.42746	3e-06
2.760867e-06	1.42738	3e-06
2.763811e-06	1.42731	4e-06
2.766760e-06	1.42724	5e-06
2.769717e-06	1.42717	6e-06
2.772678e-06	1.4271	6e-06
2.775647e-06	1.42703	7e-06
2.778622e-06	1.42696	7e-06
2.781603e-06	1.42689	7e-06
2.784591e-06	1.42682	6e-06
2.787585e-06	1.42675	5e-06
2.790586e-06	1.42668	5e-06
2.793593e-06	1.42661	4e-06
2.796607e-06	1.42654	3e-06
2.799627e-06	1.42647	2e-06
2.802653e-06	1.42639	2e-06
2.805686e-06	1.42632	1e-06
2.808726e-06	1.42624	1e-06
2.811772e-06	1.42617	0
2.814826e-06	1.4261	0
2.817885e-06	1.42602	0
2.820951e-06	1.42595	0
2.824024e-06	1.42587	0
2.827104e-06	1.4258	0
2.830191e-06	1.42572	0
2.833283e-06	1.42565	0
2.836383e-06	1.42557	0
2.839490e-06	1.42549	0
2.842603e-06	1.42541	0
2.845723e-06	1.42533	0
2.848851e-06	1.42525	0
2.851985e-06	1.42517	0
2.855126e-06	1.42509	0
2.858274e-06	1.42501	1e-06
2.861428e-06	1.42492	2e-06
2.864590e-06	1.42484	3e-06
2.867759e-06	1.42475	6e-06
2.870935e-06	1.42466	1e-05
2.874117e-06	1.42457	1.6e-05
2.877308e-06	1.42448	2.5e-05
2.880505e-06	1.42439	3.7e-05
2.883709e-06	1.4243	5.2e-05
2.886920e-06	1.4242	7.2e-05
2.890138e-06	1.42412	9.4e-05
2.893364e-06	1.42403	0.000121
2.896597e-06	1.42394	0.00015
2.899837e-06	1.42386	0.000181
2.903085e-06	1.42379	0.000214
2.906339e-06	1.42372	0.000247
2.909600e-06	1.42365	0.000279
2.912870e-06	1.42359	0.00031
2.916147e-06	1.42353	0.000339
2.919430e-06	1.42348	0.000366
2.922722e-06	1.42343	0.000392
2.926021e-06	1.42339	0.000413
2.929327e-06	1.42336	0.000426
2.932641e-06	1.42333	0.000428
2.935962e-06	1.4233	0.000414
2.939290e-06	1.42327	0.000385
2.942627e-06	1.42322	0.000344
2.945971e-06	1.42317	0.000297
2.949323e-06	1.42309	0.000248
2.952682e-06	1.42301	0.000201
2.956048e-06	1.42291	0.000157
2.959423e-06	1.4228	0.00012
2.962805e-06	1.42268	9.2e-05
2.966195e-06	1.42256	7.5e-05
2.969593e-06	1.42243	6.8e-05
2.972998e-06	1.4223	7.1e-05
2.976411e-06	1.42218	8.5e-05
2.979833e-06	1.42206	0.000108
2.983262e-06	1.42194	0.000141
2.986698e-06	1.42183	0.000179
2.990144e-06	1.42173	0.000223
2.993596e-06	1.42164	0.00027
2.997057e-06	1.42156	0.000317
3.000526e-06	1.4215	0.000361
3.004003e-06	1.42144	0.000398
3.007487e-06	1.42138	0.000427
3.010981e-06	1.42133	0.000446
3.014482e-06	1.42128	0.000459
3.017991e-06	1.42122	0.000467
3.021509e-06	1.42117	0.000473
3.025034e-06	1.42111	0.000476
3.028569e-06	1.42106	0.000473
3.032110e-06	1.42101	0.000462
3.035661e-06	1.42096	0.000439
3.039220e-06	1.42091	0.000404
3.042787e-06	1.42084	0.00036
3.046362e-06	1.42075	0.000314
3.049947e-06	1.42065	0.000269
3.053539e-06	1.42054	0.000229
3.057139e-06	1.42042	0.000198
3.060749e-06	1.42029	0.000178
3.064367e-06	1.42015	0.000173
3.067993e-06	1.42001	0.000183
3.071629e-06	1.41988	0.000206
3.075272e-06	1.41976	0.00024
3.078924e-06	1.41965	0.00028
3.082586e-06	1.41956	0.000323
3.086255e-06	1.41948	0.000363
3.089934e-06	1.41941	0.000396
3.093621e-06	1.41935	0.000415
3.097317e-06	1.4193	0.000417
3.101022e-06	1.41923	0.000402
3.104736e-06	1.41915	0.000379
3.108458e-06	1.41906	0.000353
3.112190e-06	1.41896	0.000331
3.115931e-06	1.41884	0.000316
3.119680e-06	1.41872	0.000311
3.123439e-06	1.4186	0.000315
3.127207e-06	1.41847	0.000332
3.130983e-06	1.41836	0.000359
3.134770e-06	1.41825	0.000393
3.138564e-06	1.41815	0.000432
3.142369e-06	1.41806	0.00047
3.146183e-06	1.41797	0.000507
3.150005e-06	1.41789	0.000541
3.153837e-06	1.41782	0.000573
3.157679e-06	1.41776	0.000604
3.161530e-06	1.4177	0.000633
3.165390e-06	1.41766	0.000653
3.169260e-06	1.41763	0.00066
3.173138e-06	1.4176	0.000648
3.177028e-06	1.41757	0.000611
3.180926e-06	1.41753	0.000555
3.184833e-06	1.41746	0.000487
3.188751e-06	1.41738	0.000412
3.192678e-06	1.41728	0.000338
3.196614e-06	1.41716	0.000268
3.200561e-06	1.41703	0.000205
3.204517e-06	1.41688	0.000154
3.208483e-06	1.41673	0.000116
3.212459e-06	1.41657	9.3e-05
3.216444e-06	1.41641	8.3e-05
3.220440e-06	1.41625	8.6e-05
3.224446e-06	1.4161	0.000101
3.228461e-06	1.41595	0.000126
3.232486e-06	1.41582	0.000159
3.236522e-06	1.41569	0.000196
3.240568e-06	1.41558	0.000234
3.244624e-06	1.41548	0.000271
3.248690e-06	1.41539	0.000301
3.252766e-06	1.41531	0.000321
3.256853e-06	1.41524	0.000326
3.260949e-06	1.41517	0.000315
3.265056e-06	1.41509	0.000289
3.269174e-06	1.415	0.000255
3.273301e-06	1.4149	0.000217
3.277439e-06	1.41478	0.000177
3.281588e-06	1.41466	0.000139
3.285747e-06	1.41453	0.000105
3.289917e-06	1.41439	7.5e-05
3.294097e-06	1.41424	5.2e-05
3.298288e-06	1.41409	3.6e-05
3.302489e-06	1.41395	2.6e-05
3.306702e-06	1.41379	2.1e-05
3.310925e-06	1.41364	2.1e-05
3.315159e-06	1.41349	2.6e-05
3.319404e-06	1.41334	3.6e-05
3.323659e-06	1.41319	5.1e-05
3.327925e-06	1.41305	7.3e-05
3.332204e-06	1.4129	9.9e-05
3.336492e-06	1.41277	0.00013
3.340792e-06	1.41264	0.000163
3.345102e-06	1.41252	0.000197
3.349424e-06	1.4124	0.00023
3.353758e-06	1.4123	0.000259
3.358102e-06	1.4122	0.00028
3.362457e-06	1.41211	0.000291
3.366824e-06	1.41202	0.000288
3.371202e-06	1.41192	0.000276
3.375592e-06	1.41182	0.000258
3.379993e-06	1.4117	0.000235
3.384405e-06	1.41158	0.00021
3.388829e-06	1.41146	0.000186
3.393265e-06	1.41133	0.000162
3.397712e-06	1.41119	0.000139
3.402171e-06	1.41105	0.00012
3.406642e-06	1.4109	0.000104
3.411124e-06	1.41075	9.1e-05
3.415618e-06	1.4106	8.3e-05
3.420125e-06	1.41044	7.9e-05
3.424642e-06	1.41029	8e-05
3.429172e-06	1.41014	8.4e-05
3.433714e-06	1.40999	9e-05
3.438268e-06	1.40985	9.8e-05
3.442835e-06	1.40971	0.000107
3.447413e-06	1.40957	0.000114
3.452003e-06	1.40943	0.000117
3.456606e-06	1.4093	0.000116
3.461221e-06	1.40916	0.000109
3.465848e-06	1.40902	9.9e-05
3.470488e-06	1.40888	8.6e-05
3.475140e-06	1.40872	7.3e-05
3.479804e-06	1.40857	6e-05
3.484482e-06	1.40841	4.9e-05
3.489172e-06	1.40824	4.1e-05
3.493873e-06	1.40807	3.7e-05
3.498589e-06	1.4079	3.9e-05
3.503316e-06	1.40772	4.7e-05
3.508057e-06	1.40755	6.2e-05
3.512811e-06	1.40737	8.5e-05
3.517577e-06	1.4072	0.000116
3.522356e-06	1.40704	0.000152
3.527149e-06	1.40688	0.000193
3.531954e-06	1.40673	0.000236
3.536772e-06	1.4066	0.000278
3.541604e-06	1.40648	0.000315
3.546449e-06	1.40637	0.000343
3.551307e-06	1.40626	0.000356
3.556179e-06	1.40616	0.000351
3.561063e-06	1.40605	0.000329
3.565963e-06	1.40593	0.000296
3.570874e-06	1.40579	0.000256
3.575799e-06	1.40564	0.000214
3.580739e-06	1.40548	0.000173
3.585691e-06	1.40531	0.000135
3.590657e-06	1.40513	0.000103
3.595638e-06	1.40494	7.9e-05
3.600631e-06	1.40475	6.4e-05
3.605638e-06	1.40455	5.5e-05
3.610661e-06	1.40436	5.3e-05
3.615696e-06	1.40417	5.6e-05
3.620746e-06	1.40398	6.4e-05
3.625811e-06	1.40379	7.5e-05
3.630888e-06	1.4036	9.1e-05
3.635980e-06	1.40342	0.000109
3.641088e-06	1.40324	0.000131
3.646209e-06	1.40306	0.000154
3.651343e-06	1.40289	0.000179
3.656494e-06	1.40272	0.000205
3.661658e-06	1.40256	0.00023
3.666837e-06	1.4024	0.000251
3.672032e-06	1.40225	0.000267
3.677240e-06	1.40211	0.000273
3.682464e-06	1.40196	0.000267
3.687702e-06	1.40182	0.00025
3.692954e-06	1.40166	0.000226
3.698223e-06	1.40149	0.000197
3.703506e-06	1.40132	0.000166
3.708804e-06	1.40113	0.000134
3.714118e-06	1.40094	0.000105
3.719446e-06	1.40074	7.9e-05
3.724790e-06	1.40054	5.7e-05
3.730150e-06	1.40033	4e-05
3.735525e-06	1.40012	2.8e-05
3.740915e-06	1.39991	2e-05
3.746321e-06	1.39969	1.6e-05
3.751743e-06	1.39948	1.5e-05
3.757180e-06	1.39927	1.8e-05
3.762634e-06	1.39905	2.3e-05
3.768102e-06	1.39884	3.1e-05
3.773586e-06	1.39863	4.3e-05
3.779088e-06	1.39842	5.6e-05
3.784605e-06	1.39821	7.1e-05
3.790137e-06	1.39801	8.6e-05
3.795687e-06	1.3978	0.0001
3.801252e-06	1.39761	0.000113
3.806835e-06	1.39741	0.000122
3.812433e-06	1.39722	0.000125
3.818047e-06	1.39702	0.000122
3.823679e-06	1.39682	0.000113
3.829327e-06	1.39662	0.000101
3.834991e-06	1.39641	8.7e-05
3.840673e-06	1.39619	7.1e-05
3.846371e-06	1.39597	5.7e-05
3.852086e-06	1.39574	4.3e-05
3.857819e-06	1.39551	3.1e-05
3.863568e-06	1.39528	2.2e-05
3.869334e-06	1.39504	1.6e-05
3.875119e-06	1.39479	1.3e-05
3.880919e-06	1.39455	1.2e-05
3.886738e-06	1.3943	1.4e-05
3.892574e-06	1.39405	1.9e-05
3.898427e-06	1.39379	2.8e-05
3.904298e-06	1.39354	4.2e-05
3.910187e-06	1.39328	6.1e-05
3.916094e-06	1.39302	8.5e-05
3.922018e-06	1.39277	0.000114
3.927961e-06	1.39251	0.000149
3.933921e-06	1.39226	0.000187
3.939901e-06	1.39202	0.000229
3.945897e-06	1.39177	0.000273
3.951912e-06	1.39154	0.000317
3.957946e-06	1.39131	0.000358
3.963997e-06	1.39108	0.000396
3.970067e-06	1.39086	0.000431
3.976157e-06	1.39064	0.000462
3.982265e-06	1.39042	0.00049
3.988391e-06	1.3902	0.000515
3.994537e-06	1.38999	0.000533
4.000701e-06	1.38978	0.000544
4.006884e-06	1.38957	0.000542
4.013087e-06	1.38935	0.000525
4.019309e-06	1.38912	0.000498
4.025549e-06	1.38888	0.000464
4.031811e-06	1.38861	0.00043
4.038091e-06	1.38833	0.000401
4.044389e-06	1.38804	0.000381
4.050710e-06	1.38774	0.000372
4.057048e-06	1.38742	0.000375
4.063407e-06	1.38711	0.000393
4.069787e-06	1.38679	0.000426
4.076186e-06	1.38648	0.000471
4.082604e-06	1.38618	0.000528
4.089045e-06	1.38588	0.000592
4.095504e-06	1.38559	0.000664
4.101985e-06	1.38531	0.00074
4.108486e-06	1.38504	0.00082
4.115006e-06	1.38478	0.0009
4.121550e-06	1.38453	0.00098
4.128112e-06	1.3843	0.001057
4.134696e-06	1.38407	0.00113
4.141301e-06	1.38385	0.001195
4.147926e-06	1.38364	0.001251
4.154573e-06	1.38344	0.001296
4.161243e-06	1.38324	0.001329
4.167933e-06	1.38305	0.001346
4.174644e-06	1.38286	0.001348
4.181378e-06	1.38266	0.001335
4.188132e-06	1.38246	0.001306
4.194909e-06	1.38225	0.001264
4.201709e-06	1.38203	0.001209
4.208529e-06	1.3818	0.001143
4.215372e-06	1.38156	0.001065
4.222238e-06	1.38131	0.000976
4.229125e-06	1.38103	0.000877
4.236035e-06	1.38074	0.000771
4.242970e-06	1.38043	0.000663
4.249925e-06	1.38009	0.000558
4.256904e-06	1.37973	0.00046
4.263905e-06	1.37935	0.000374
4.270929e-06	1.37895	0.0003
4.277978e-06	1.37855	0.00024
4.285048e-06	1.37813	0.000195
4.292142e-06	1.37771	0.000164
4.299261e-06	1.37728	0.000149
4.306402e-06	1.37685	0.000148
4.313567e-06	1.37642	0.00016
4.320757e-06	1.37599	0.000184
4.327970e-06	1.37556	0.000221
4.335207e-06	1.37513	0.00027
4.342470e-06	1.3747	0.000332
4.349755e-06	1.37428	0.000406
4.357065e-06	1.37387	0.00049
4.364401e-06	1.37347	0.000583
4.371760e-06	1.37308	0.000682
4.379145e-06	1.37271	0.000786
4.386556e-06	1.37235	0.00089
4.393990e-06	1.372	0.000989
4.401451e-06	1.37167	0.001077
4.408936e-06	1.37134	0.001149
4.416446e-06	1.37101	0.001207
4.423984e-06	1.37068	0.001255
4.431546e-06	1.37033	0.001298
4.439133e-06	1.36998	0.001343
4.446749e-06	1.36963	0.001391
4.454389e-06	1.36927	0.001441
4.462055e-06	1.36892	0.001494
4.469749e-06	1.36857	0.00155
4.477468e-06	1.36824	0.001604
4.485214e-06	1.36791	0.001652
4.492989e-06	1.3676	0.001684
4.500788e-06	1.36729	0.001694
4.508615e-06	1.36697	0.00168
4.516471e-06	1.36664	0.001644
4.524353e-06	1.36629	0.001593
4.532262e-06	1.36592	0.001532
4.540200e-06	1.36553	0.001467
4.548165e-06	1.36511	0.001403
4.556159e-06	1.36468	0.001343
4.564180e-06	1.36422	0.001292
4.572229e-06	1.36375	0.001252
4.580308e-06	1.36328	0.001224
4.588415e-06	1.36279	0.001206
4.596549e-06	1.36231	0.001196
4.604715e-06	1.36182	0.001193
4.612908e-06	1.36132	0.001193
4.621130e-06	1.36083	0.001196
4.629383e-06	1.36033	0.001198
4.637664e-06	1.35982	0.001197
4.645975e-06	1.3593	0.001197
4.654317e-06	1.35876	0.001204
4.662687e-06	1.3582	0.001223
4.671088e-06	1.35763	0.00126
4.679521e-06	1.35706	0.001318
4.687982e-06	1.3565	0.001393
4.696474e-06	1.35594	0.001483
4.704999e-06	1.35538	0.001583
4.713553e-06	1.35484	0.00169
4.722140e-06	1.35431	0.0018
4.730756e-06	1.35379	0.001907
4.739404e-06	1.35327	0.002006
4.748085e-06	1.35275	0.002094
4.756797e-06	1.35222	0.002177
4.765540e-06	1.35168	0.002258
4.774318e-06	1.35112	0.002342
4.783126e-06	1.35056	0.002435
4.791966e-06	1.35	0.002537
4.800842e-06	1.34942	0.002649
4.809748e-06	1.34885	0.00277
4.818687e-06	1.34827	0.002902
4.827662e-06	1.34769	0.003044
4.836668e-06	1.34712	0.003196
4.845708e-06	1.34655	0.003359
4.854784e-06	1.34598	0.003532
4.863892e-06	1.34543	0.003713
4.873033e-06	1.34489	0.003897
4.882212e-06	1.34436	0.004082
4.891423e-06	1.34384	0.004262
4.900671e-06	1.34333	0.004437
4.909952e-06	1.34282	0.004606
4.919268e-06	1.34232	0.004768
4.928621e-06	1.34182	0.004924
4.938008e-06	1.34132	0.005072
4.947431e-06	1.34082	0.005213
4.956892e-06	1.34032	0.005347
4.966387e-06	1.33982	0.005472
4.975919e-06	1.33932	0.00559
4.985490e-06	1.33881	0.005698
4.995095e-06	1.3383	0.005798
5.004737e-06	1.33779	0.00589
5.014419e-06	1.33726	0.005973
5.024136e-06	1.33672	0.006051
5.033891e-06	1.33617	0.006128
5.043686e-06	1.33561	0.006206
5.053517e-06	1.33505	0.006288
5.063386e-06	1.33448	0.006368
5.073297e-06	1.33392	0.006439
5.083243e-06	1.33335	0.006495
5.093229e-06	1.33276	0.00653
5.103257e-06	1.33215	0.00655
5.113321e-06	1.3315	0.006567
5.123428e-06	1.33081	0.006595
5.133573e-06	1.3301	0.006644
5.143758e-06	1.32935	0.006722
5.153986e-06	1.32859	0.006832
5.164251e-06	1.32783	0.006979
5.174559e-06	1.32706	0.007166
5.184909e-06	1.32631	0.00739
5.195299e-06	1.32558	0.007641
5.205730e-06	1.32488	0.007911
5.216207e-06	1.32422	0.00819
5.226722e-06	1.32357	0.008471
5.237280e-06	1.32295	0.008751
5.247884e-06	1.32236	0.00903
5.258528e-06	1.32178	0.009305
5.269215e-06	1.32124	0.009572
5.279948e-06	1.32072	0.009826
5.290723e-06	1.32023	0.010058
5.301541e-06	1.31976	0.010262
5.312407e-06	1.31932	0.010431
5.323314e-06	1.31888	0.010562
5.334266e-06	1.31845	0.010652
5.345267e-06	1.31802	0.010697
5.356310e-06	1.31758	0.010697
5.367401e-06	1.31713	0.01065
5.378536e-06	1.31666	0.010561
5.389717e-06	1.31615	0.010431
5.400947e-06	1.31561	0.010262
5.412222e-06	1.31503	0.010061
5.423543e-06	1.3144	0.009835
5.434916e-06	1.31372	0.009592
5.446332e-06	1.31298	0.009341
5.457797e-06	1.3122	0.009087
5.469314e-06	1.31137	0.008836
5.480875e-06	1.31049	0.008595
5.492487e-06	1.30957	0.008367
5.504150e-06	1.30861	0.008158
5.515860e-06	1.30761	0.007971
5.527619e-06	1.30659	0.007808
5.539433e-06	1.30553	0.007672
5.551293e-06	1.30446	0.007563
5.563205e-06	1.30338	0.007481
5.575171e-06	1.30228	0.007419
5.587185e-06	1.30118	0.007376
5.599255e-06	1.30008	0.007348
5.611373e-06	1.29897	0.007331
5.623544e-06	1.29786	0.007321
5.635771e-06	1.29674	0.007314
5.648048e-06	1.29561	0.007307
5.660380e-06	1.29447	0.007301
5.672768e-06	1.29331	0.007299
5.685206e-06	1.29213	0.007303
5.697701e-06	1.29094	0.007315
5.710253e-06	1.28973	0.007337
5.722857e-06	1.2885	0.007372
5.735517e-06	1.28726	0.00742
5.748236e-06	1.28601	0.007484
5.761009e-06	1.28477	0.007559
5.773839e-06	1.28352	0.007637
5.786729e-06	1.28227	0.007711
5.799674e-06	1.28101	0.007775
5.812676e-06	1.27973	0.007827
5.825741e-06	1.27842	0.007877
5.838860e-06	1.27708	0.007934
5.852043e-06	1.27572	0.008005
5.865282e-06	1.27433	0.008095
5.878581e-06	1.27293	0.008205
5.891943e-06	1.27152	0.008334
5.905363e-06	1.2701	0.00848
5.918845e-06	1.26868	0.008642
5.932391e-06	1.26726	0.008816
5.945996e-06	1.26584	0.008996
5.959664e-06	1.26442	0.009179
5.973398e-06	1.26301	0.009359
5.987192e-06	1.26159	0.009534
6.001050e-06	1.26018	0.009704
6.014976e-06	1.25875	0.009867
6.028963e-06	1.25732	0.01002
6.043015e-06	1.25589	0.010161
6.057137e-06	1.25444	0.01029
6.071321e-06	1.25299	0.010402
6.085571e-06	1.25153	0.010497
6.099893e-06	1.25005	0.010571
6.114278e-06	1.24856	0.010619
6.128735e-06	1.24704	0.010637
6.143257e-06	1.2455	0.010622
6.157848e-06	1.24392	0.010576
6.172512e-06	1.24229	0.010505
6.187242e-06	1.2406	0.010417
6.202043e-06	1.23887	0.010318
6.216918e-06	1.23708	0.010213
6.231861e-06	1.23524	0.010105
6.246877e-06	1.23335	0.009998
6.261968e-06	1.23141	0.009894
6.277129e-06	1.22942	0.009795
6.292363e-06	1.22739	0.009698
6.307676e-06	1.22531	0.009602
6.323059e-06	1.22319	0.009504
6.338518e-06	1.22101	0.009403
6.354055e-06	1.21878	0.009306
6.369666e-06	1.21648	0.009219
6.385354e-06	1.21413	0.009149
6.401123e-06	1.21172	0.0091
6.416965e-06	1.20927	0.00907
6.432891e-06	1.20678	0.009056
6.448892e-06	1.20424	0.009055
6.464972e-06	1.20166	0.009063
6.481137e-06	1.19903	0.009078
6.497380e-06	1.19636	0.009101
6.513703e-06	1.19363	0.00913
6.530113e-06	1.19085	0.009165
6.546602e-06	1.18801	0.009208
6.563174e-06	1.18511	0.009261
6.579835e-06	1.18216	0.009328
6.596576e-06	1.17914	0.009411
6.613402e-06	1.17606	0.00951
6.630320e-06	1.17293	0.009627
6.647319e-06	1.16974	0.009759
6.664405e-06	1.1665	0.009905
6.681584e-06	1.16321	0.010063
6.698848e-06	1.15987	0.010226
6.716201e-06	1.15647	0.010388
6.733648e-06	1.15302	0.010542
6.751183e-06	1.14949	0.010683
6.768808e-06	1.14589	0.010813
6.786530e-06	1.1422	0.010933
6.804341e-06	1.13843	0.011045
6.822250e-06	1.13455	0.011151
6.840249e-06	1.13058	0.011252
6.858344e-06	1.1265	0.01135
6.876538e-06	1.12231	0.011448
6.894826e-06	1.11801	0.011548
6.913210e-06	1.11359	0.011649
6.931698e-06	1.10904	0.011754
6.950280e-06	1.10437	0.01186
6.968962e-06	1.09956	0.01197
6.987749e-06	1.0946	0.012085
7.006633e-06	1.0895	0.012206
7.025620e-06	1.08424	0.012335
7.044714e-06	1.07882	0.012475
7.063908e-06	1.07322	0.012629
7.083206e-06	1.06744	0.012801
7.102616e-06	1.06147	0.012996
7.122127e-06	1.05531	0.013219
7.141745e-06	1.04895	0.01347
7.161478e-06	1.04238	0.013747
7.181314e-06	1.03561	0.014047
7.201260e-06	1.0286	0.014368
7.221322e-06	1.02134	0.014709
7.241491e-06	1.01382	0.015073
7.261779e-06	1.00601	0.015467
7.282176e-06	0.9979	0.015895
7.302687e-06	0.989468	0.016361
7.323319e-06	0.980688	0.016874
7.344063e-06	0.971542	0.017439
7.364926e-06	0.962001	0.018064
7.385912e-06	0.952034	0.018758
7.407012e-06	0.941611	0.019533
7.428234e-06	0.930697	0.020403
7.449583e-06	0.91925	0.021382
7.471050e-06	0.907229	0.022488
7.492640e-06	0.894582	0.023745
7.514362e-06	0.881252	0.025183
7.536204e-06	0.867183	0.026832
7.558174e-06	0.852297	0.028731
7.580277e-06	0.836501	0.030941
7.602505e-06	0.819719	0.033539
7.624863e-06	0.801855	0.036616
7.647358e-06	0.782794	0.040278
7.669982e-06	0.762415	0.044675
7.692740e-06	0.7406	0.050015
7.715638e-06	0.71724	0.056541
7.738668e-06	0.692247	0.064547
7.761842e-06	0.665518	0.074423
7.785149e-06	0.637045	0.086665
7.808595e-06	0.606915	0.101896
7.832191e-06	0.575411	0.120868
7.855923e-06	0.543185	0.144346
7.879798e-06	0.511198	0.172983
7.903827e-06	0.480818	0.207196
7.927995e-06	0.453806	0.246777
7.952312e-06	0.431861	0.290616
7.976784e-06	0.415887	0.33681
8.001402e-06	0.405762	0.383411
8.026172e-06	0.400664	0.429015
8.051103e-06	0.399547	0.472819
8.076181e-06	0.401417	0.514451
8.101417e-06	0.405443	0.553865
8.126817e-06	0.410962	0.591166
8.152371e-06	0.417452	0.626503
8.178086e-06	0.424492	0.660085
8.203970e-06	0.431736	0.692141
8.230013e-06	0.438879	0.722885
8.256220e-06	0.445654	0.752584
8.282602e-06	0.451852	0.781545
8.309147e-06	0.457319	0.810043
8.335869e-06	0.46192	0.838375
8.362756e-06	0.465516	0.866832
8.389818e-06	0.468002	0.895784
8.417062e-06	0.469323	0.925607
8.444476e-06	0.469426	0.956677
8.472071e-06	0.468243	0.989455
8.499852e-06	0.46578	1.02458
8.527810e-06	0.462235	1.06265
8.555952e-06	0.457825	1.10431
8.584288e-06	0.452707	1.15031
8.612804e-06	0.447329	1.20201
8.641511e-06	0.443238	1.26054
8.670417e-06	0.442101	1.32625
8.699511e-06	0.445291	1.39916
8.728799e-06	0.454189	1.47984
8.758293e-06	0.471608	1.56848
8.787980e-06	0.500326	1.66372
8.817868e-06	0.542609	1.76345
8.847968e-06	0.600203	1.86475
8.878266e-06	0.673269	1.96439
8.908773e-06	0.761629	2.06014
8.939499e-06	0.865599	2.14994
8.970428e-06	0.986003	2.23026
9.001580e-06	1.12078	2.296
9.032942e-06	1.26582	2.34464
9.064524e-06	1.41762	2.37523
9.096334e-06	1.57304	2.38746
9.128360e-06	1.72932	2.38157
9.160613e-06	1.88414	2.3578
9.193103e-06	2.03505	2.31635
9.225816e-06	2.17881	2.25785
9.258761e-06	2.31251	2.18496
9.291953e-06	2.43546	2.10031
9.325375e-06	2.54717	2.00558
9.359036e-06	2.647	1.902
9.392952e-06	2.734	1.79128
9.427106e-06	2.80794	1.67551
9.461508e-06	2.86898	1.55622
9.496171e-06	2.91729	1.43475
9.531080e-06	2.95293	1.31248
9.566247e-06	2.97616	1.19078
9.601684e-06	2.98736	1.071
9.637374e-06	2.98708	0.954583
9.673341e-06	2.97626	0.842731
9.709567e-06	2.95581	0.7363
9.746066e-06	2.92643	0.636171
9.782850e-06	2.88902	0.543446
9.819903e-06	2.84521	0.459257
9.857238e-06	2.79678	0.383585
9.894867e-06	2.74482	0.316219
9.932775e-06	2.69035	0.257184
9.970974e-06	2.63455	0.20651
1.000948e-05	2.57877	0.163721
1.004827e-05	2.52401	0.128068
1.008737e-05	2.47096	0.098747
1.012678e-05	2.4201	0.074919
1.016649e-05	2.37171	0.055884
1.020651e-05	2.32603	0.041019
1.024686e-05	2.28329	0.029636
1.028752e-05	2.24354	0.020991
1.032850e-05	2.20654	0.014482
1.036982e-05	2.17212	0.00976
1.041146e-05	2.14021	0.006458
1.045345e-05	2.11065	0.004175
1.049577e-05	2.08316	0.002584
1.053843e-05	2.05749	0.001535
1.058145e-05	2.03346	0.000893
1.062481e-05	2.01091	0.000514
1.066853e-05	1.98965	0.000275
1.071262e-05	1.96947	0.000134
1.075707e-05	1.95023	6.5e-05
1.080189e-05	1.93182	4.1e-05
1.084709e-05	1.9141	3.8e-05
1.089266e-05	1.89695	6.1e-05
1.093862e-05	1.88026	0.000122
1.098498e-05	1.86394	0.000236
1.103172e-05	1.84787	0.000421
1.107886e-05	1.83196	0.000739
1.112642e-05	1.8161	0.001271
1.117437e-05	1.80025	0.002103
1.122274e-05	1.78432	0.003328
1.127154e-05	1.76825	0.005098
1.132076e-05	1.75204	0.007608
1.137041e-05	1.73573	0.011065
1.142051e-05	1.71946	0.015679
1.147103e-05	1.70344	0.021615
1.152202e-05	1.6879	0.028994
1.157346e-05	1.67312	0.037925
1.162535e-05	1.65949	0.048512
1.167773e-05	1.64759	0.060655
1.173056e-05	1.63786	0.073941
1.178388e-05	1.63058	0.087914
1.183770e-05	1.62593	0.102104
1.189199e-05	1.62406	0.115944
1.194679e-05	1.62495	0.128724
1.200211e-05	1.62831	0.139745
1.205793e-05	1.63362	0.148346
1.211427e-05	1.64002	0.154085
1.217115e-05	1.64667	0.157055
1.222856e-05	1.653	0.157443
1.228651e-05	1.65849	0.155433
1.234502e-05	1.66252	0.151278
1.240408e-05	1.66453	0.145636
1.246371e-05	1.66433	0.139259
1.252394e-05	1.662	0.13287
1.258473e-05	1.6579	0.127133
1.264613e-05	1.65257	0.122295
1.270811e-05	1.64637	0.118419
1.277071e-05	1.63958	0.11557
1.283394e-05	1.6325	0.11381
1.289778e-05	1.62553	0.113023
1.296227e-05	1.61889	0.112963
1.302741e-05	1.61267	0.113382
1.309320e-05	1.60685	0.11404
1.315966e-05	1.60133	0.114795
1.322681e-05	1.596	0.115617
1.329464e-05	1.59085	0.116482
1.336316e-05	1.58583	0.117363
1.343241e-05	1.58092	0.118236
1.350237e-05	1.57607	0.119081
1.357305e-05	1.57127	0.119883
1.364450e-05	1.56645	0.120622
1.371669e-05	1.56156	0.121304
1.378964e-05	1.55652	0.121987
1.386340e-05	1.55133	0.122738
1.393792e-05	1.54601	0.123619
1.401328e-05	1.54062	0.124678
1.408943e-05	1.53521	0.125887
1.416641e-05	1.52979	0.127205
1.424426e-05	1.52435	0.128592
1.432296e-05	1.51882	0.130029
1.440252e-05	1.5131	0.131604
1.448299e-05	1.50722	0.133447
1.456435e-05	1.50126	0.135682
1.464663e-05	1.49542	0.138403
1.472986e-05	1.48998	0.141487
1.481403e-05	1.48504	0.14468
1.489915e-05	1.48056	0.147737
1.498529e-05	1.47642	0.150429
1.507241e-05	1.47234	0.152688
1.516054e-05	1.46816	0.154576
1.524974e-05	1.46379	0.156157
1.533996e-05	1.45917	0.15749
1.543127e-05	1.45426	0.158613
1.552369e-05	1.44901	0.159534
1.561719e-05	1.44336	0.160261
1.571183e-05	1.4372	0.160809
1.580765e-05	1.43038	0.161248
1.590462e-05	1.42279	0.161761
1.600279e-05	1.41441	0.162535
1.610221e-05	1.40529	0.16376
1.620283e-05	1.39555	0.165586
1.630475e-05	1.38532	0.168057
1.640794e-05	1.3747	0.171202
1.651244e-05	1.36378	0.175052
1.661831e-05	1.35267	0.179617
1.672551e-05	1.3415	0.184807
1.683411e-05	1.33032	0.190513
1.694415e-05	1.3191	0.19663
1.705562e-05	1.30781	0.20305
1.716856e-05	1.29637	0.209693
1.728304e-05	1.28467	0.21649
1.739902e-05	1.27258	0.223369
1.751657e-05	1.25993	0.230278
1.763575e-05	1.24648	0.237185
1.775653e-05	1.23198	0.244081
1.787898e-05	1.21607	0.250981
1.800316e-05	1.19826	0.257948
1.812905e-05	1.1779	0.265299
1.825670e-05	1.15445	0.273604
1.838621e-05	1.12741	0.283512
1.851752e-05	1.09621	0.295799
1.865077e-05	1.06007	0.311703
1.878590e-05	1.01856	0.333058
1.892302e-05	0.971587	0.362123
1.906218e-05	0.919449	0.401715
1.920337e-05	0.863155	0.456032
1.934666e-05	0.807299	0.530392
1.949215e-05	0.760453	0.627062
1.963981e-05	0.731687	0.74267
1.978971e-05	0.726166	0.870279
1.994197e-05	0.745532	1.00321
2.009654e-05	0.789544	1.13594
2.025353e-05	0.857767	1.2643
2.041304e-05	0.950591	1.38313
2.057503e-05	1.06445	1.48577
2.073962e-05	1.19434	1.56967
2.090690e-05	1.3369	1.63392
2.107686e-05	1.49043	1.67699
2.124960e-05	1.65191	1.69508
2.142525e-05	1.81587	1.68593
2.160378e-05	1.97629	1.64865
2.178531e-05	2.12548	1.58384
2.196996e-05	2.25661	1.49786
2.215772e-05	2.36857	1.39702
2.234877e-05	2.46132	1.28514
2.254309e-05	2.53442	1.16521
2.274081e-05	2.58706	1.04067
2.294209e-05	2.61959	0.915361
2.314691e-05	2.63304	0.7929
2.335543e-05	2.62931	0.676763
2.356779e-05	2.61183	0.569134
2.378399e-05	2.58297	0.470401
2.400419e-05	2.54423	0.381287
2.422856e-05	2.49731	0.302989
2.445711e-05	2.44515	0.236418
2.469002e-05	2.39032	0.180696
2.492746e-05	2.3344	0.134846
2.516945e-05	2.27867	0.098015
2.541619e-05	2.22426	0.069302
2.566788e-05	2.1721	0.047671
2.592453e-05	2.12295	0.031975
2.618637e-05	2.07725	0.020918
2.645363e-05	2.03487	0.013151
2.672632e-05	1.99537	0.00793
2.700477e-05	1.95851	0.004751
2.728900e-05	1.92408	0.003059
2.757928e-05	1.89168	0.002274
2.787588e-05	1.86068	0.002177
2.817886e-05	1.8307	0.002815
2.848849e-05	1.80148	0.004237
2.880508e-05	1.77281	0.006501
2.912870e-05	1.74448	0.009749
2.945968e-05	1.71641	0.014218
2.979835e-05	1.68861	0.020166
3.014482e-05	1.6613	0.027853
3.049943e-05	1.63489	0.037383
3.086258e-05	1.60972	0.048591
3.123438e-05	1.58603	0.061262
3.161525e-05	1.56406	0.07516
3.200563e-05	1.54405	0.089926
3.240567e-05	1.52611	0.104966
3.281583e-05	1.51006	0.119652
3.323661e-05	1.49542	0.133363
3.366822e-05	1.48122	0.145738
3.411118e-05	1.46656	0.157238
3.456607e-05	1.45098	0.168489
3.503314e-05	1.4343	0.180122
3.551313e-05	1.41641	0.192824
3.600632e-05	1.39747	0.207433
3.651340e-05	1.37799	0.224833
3.703511e-05	1.35892	0.245863
3.757181e-05	1.34201	0.271042
3.812428e-05	1.32928	0.299506
3.869340e-05	1.32181	0.32973
3.927961e-05	1.32017	0.360119
3.988386e-05	1.32465	0.389064
