Wavelength(m)	n	k
# material: Ti
# source: lab MATLAB library, wavnk_Ti_BrendelBormann.mat (via optprop_Ti_BrendelBormann.m)
# type: tabulated nk
# range: 2.4797e-07 - 3.0996e-05 m
# converted: 2026-07-31 by tools/convert_matlab_optprop.py
2.479700e-07	0.18885	1.4035
2.540600e-07	0.19618	1.4617
2.603000e-07	0.2041	1.5216
2.666900e-07	0.21269	1.5835
2.732400e-07	0.22214	1.6477
2.799500e-07	0.23275	1.7146
2.868300e-07	0.24492	1.7846
2.938700e-07	0.25928	1.8581
3.010900e-07	0.27664	1.9353
3.084800e-07	0.29798	2.0161
3.160600e-07	0.32441	2.1005
3.238200e-07	0.35707	2.1878
3.317700e-07	0.39701	2.277
3.399200e-07	0.44504	2.3668
3.482700e-07	0.50164	2.4557
3.568200e-07	0.56684	2.5419
3.655900e-07	0.64024	2.6237
3.745700e-07	0.72099	2.6994
3.837700e-07	0.80782	2.7678
3.931900e-07	0.8992	2.8277
4.028500e-07	0.99337	2.8785
4.127400e-07	1.0885	2.9201
4.228800e-07	1.1828	2.9525
4.332600e-07	1.2745	2.9764
4.439000e-07	1.3622	2.9928
4.548100e-07	1.4448	3.0028
4.659800e-07	1.5213	3.0078
4.774200e-07	1.5911	3.0093
4.891500e-07	1.6542	3.0088
5.011600e-07	1.7105	3.0077
5.134700e-07	1.7606	3.0074
5.260800e-07	1.805	3.009
5.390000e-07	1.8445	3.0134
5.522400e-07	1.8802	3.0214
5.658000e-07	1.9129	3.0334
5.797000e-07	1.9438	3.0495
5.939300e-07	1.9737	3.0699
6.085200e-07	2.0035	3.0943
6.234600e-07	2.0339	3.1224
6.387800e-07	2.0656	3.1537
6.544600e-07	2.0989	3.1878
6.705400e-07	2.1343	3.2241
6.870100e-07	2.1718	3.2621
7.038800e-07	2.2115	3.3014
7.211700e-07	2.2535	3.3414
7.388800e-07	2.2976	3.3818
7.570200e-07	2.3437	3.4223
7.756200e-07	2.3915	3.4625
7.946600e-07	2.441	3.5023
8.141800e-07	2.4919	3.5415
8.341800e-07	2.5439	3.58
8.546600e-07	2.5969	3.6176
8.756500e-07	2.6507	3.6544
8.971600e-07	2.705	3.6903
9.191900e-07	2.7597	3.7253
9.417700e-07	2.8146	3.7595
9.649000e-07	2.8696	3.7929
9.886000e-07	2.9245	3.8256
1.012900e-06	2.9792	3.8576
1.037800e-06	3.0336	3.889
1.063200e-06	3.0876	3.9198
1.089400e-06	3.1412	3.9502
1.116100e-06	3.1942	3.9803
1.143500e-06	3.2465	4.01
1.171600e-06	3.2982	4.0396
1.200400e-06	3.3491	4.0691
1.229900e-06	3.3993	4.0985
1.260100e-06	3.4486	4.128
1.291000e-06	3.497	4.1576
1.322700e-06	3.5445	4.1874
1.355200e-06	3.5911	4.2176
1.388500e-06	3.6367	4.2481
1.422600e-06	3.6813	4.2791
1.457500e-06	3.7248	4.3106
1.493300e-06	3.7673	4.3428
1.530000e-06	3.8088	4.3756
1.567600e-06	3.8491	4.4092
1.606100e-06	3.8883	4.4437
1.645500e-06	3.9263	4.4792
1.685900e-06	3.9632	4.5157
1.727300e-06	3.9988	4.5533
1.769800e-06	4.0333	4.5922
1.813200e-06	4.0665	4.6324
1.857700e-06	4.0985	4.6739
1.903400e-06	4.1291	4.717
1.950100e-06	4.1585	4.7617
1.998000e-06	4.1866	4.8082
2.047100e-06	4.2133	4.8564
2.097400e-06	4.2387	4.9067
2.148900e-06	4.2628	4.959
2.201600e-06	4.2855	5.0134
2.255700e-06	4.3069	5.0702
2.311100e-06	4.3269	5.1295
2.367900e-06	4.3456	5.1914
2.426000e-06	4.3629	5.256
2.485600e-06	4.3789	5.3235
2.546700e-06	4.3937	5.394
2.609200e-06	4.4071	5.4678
2.673300e-06	4.4194	5.5449
2.738900e-06	4.4305	5.6255
2.806200e-06	4.4404	5.7097
2.875100e-06	4.4493	5.7979
2.945700e-06	4.4572	5.89
3.018100e-06	4.4642	5.9864
3.092200e-06	4.4704	6.0871
3.168200e-06	4.4759	6.1923
3.246000e-06	4.4807	6.3022
3.325700e-06	4.4851	6.4169
3.407400e-06	4.4892	6.5366
3.491000e-06	4.493	6.6616
3.576800e-06	4.4968	6.7918
3.664600e-06	4.5007	6.9274
3.754600e-06	4.5049	7.0687
3.846800e-06	4.5095	7.2156
3.941300e-06	4.5148	7.3684
4.038100e-06	4.5209	7.5272
4.137300e-06	4.528	7.6919
4.238900e-06	4.5363	7.8628
4.343000e-06	4.546	8.04
4.449700e-06	4.5573	8.2234
4.558900e-06	4.5705	8.4131
4.670900e-06	4.5856	8.6092
4.785600e-06	4.603	8.8118
4.903200e-06	4.6228	9.0209
5.023600e-06	4.6452	9.2365
5.147000e-06	4.6704	9.4586
5.273400e-06	4.6987	9.6873
5.402900e-06	4.7301	9.9225
5.535600e-06	4.765	10.164
5.671500e-06	4.8035	10.413
5.810800e-06	4.8457	10.668
5.953500e-06	4.8919	10.929
6.099700e-06	4.9423	11.197
6.249500e-06	4.997	11.472
6.403000e-06	5.0562	11.753
6.560300e-06	5.1202	12.04
6.721400e-06	5.1889	12.334
6.886500e-06	5.2628	12.634
7.055600e-06	5.3418	12.941
7.228900e-06	5.4262	13.254
7.406400e-06	5.5162	13.573
7.588300e-06	5.6119	13.899
7.774700e-06	5.7135	14.23
7.965600e-06	5.8212	14.568
8.161300e-06	5.9351	14.912
8.361700e-06	6.0553	15.262
8.567100e-06	6.1822	15.618
8.777500e-06	6.3157	15.98
8.993100e-06	6.4562	16.347
9.213900e-06	6.6036	16.72
9.440200e-06	6.7583	17.099
9.672100e-06	6.9203	17.484
9.909600e-06	7.0897	17.873
1.015300e-05	7.2669	18.269
1.040200e-05	7.4518	18.669
1.065800e-05	7.6446	19.074
1.092000e-05	7.8454	19.485
1.118800e-05	8.0544	19.9
1.146300e-05	8.2718	20.32
1.174400e-05	8.4975	20.744
1.203200e-05	8.7317	21.173
1.232800e-05	8.9746	21.607
1.263100e-05	9.2261	22.044
1.294100e-05	9.4864	22.485
1.325900e-05	9.7556	22.93
1.358400e-05	10.034	23.379
1.391800e-05	10.321	23.832
1.426000e-05	10.617	24.287
1.461000e-05	10.922	24.746
1.496900e-05	11.236	25.208
1.533700e-05	11.56	25.673
1.571300e-05	11.892	26.14
1.609900e-05	12.234	26.61
1.649400e-05	12.585	27.083
1.690000e-05	12.944	27.557
1.731500e-05	13.313	28.034
1.774000e-05	13.691	28.513
1.817600e-05	14.078	28.993
1.862200e-05	14.473	29.475
1.907900e-05	14.878	29.959
1.954800e-05	15.291	30.444
2.002800e-05	15.713	30.93
2.052000e-05	16.143	31.418
2.102400e-05	16.582	31.907
2.154000e-05	17.029	32.396
2.206900e-05	17.484	32.887
2.261100e-05	17.948	33.379
2.316600e-05	18.419	33.872
2.373500e-05	18.898	34.365
2.431800e-05	19.385	34.859
2.491600e-05	19.88	35.355
2.552800e-05	20.382	35.85
2.615400e-05	20.892	36.347
2.679700e-05	21.408	36.845
2.745500e-05	21.932	37.343
2.812900e-05	22.463	37.842
2.882000e-05	23	38.343
2.952800e-05	23.545	38.844
3.025300e-05	24.096	39.346
3.099600e-05	24.653	39.849
