Wavelength(m)	n	k
# material: Si
# source: wavnk_Si_JwKang_260409.mat
# type: tabulated nk
# range: 1.2512e-06 - 3.9884e-05 m
# converted: 2026-08-04 by tools/convert_matlab_optprop.py
1.251185e-06	3.51545	0
1.251789e-06	3.51535	0
1.252393e-06	3.51525	0
1.252999e-06	3.51515	0
1.253605e-06	3.51506	0
1.254818e-06	3.51486	0
1.255426e-06	3.51476	0
1.256643e-06	3.51457	0
1.257252e-06	3.51447	0
1.258473e-06	3.51428	0
1.259084e-06	3.51418	0
1.260308e-06	3.51399	0
1.262149e-06	3.51369	0
1.262764e-06	3.5136	0
1.263379e-06	3.5135	0
1.265229e-06	3.51321	0
1.267084e-06	3.51292	0
1.268324e-06	3.51273	0
1.269566e-06	3.51254	0
1.271434e-06	3.51225	0
1.273308e-06	3.51196	0
1.273933e-06	3.51187	0
1.274560e-06	3.51177	0
1.277071e-06	3.51139	0
1.280224e-06	3.51091	0
1.285302e-06	3.51015	0
1.289137e-06	3.50958	0
1.289778e-06	3.50949	0
1.290420e-06	3.5094	0
1.293640e-06	3.50893	0
1.295579e-06	3.50864	0
1.296227e-06	3.50855	0
1.298174e-06	3.50827	0
1.298825e-06	3.50818	0
1.299476e-06	3.50808	0
1.300128e-06	3.50799	0
1.300780e-06	3.50789	0
1.302741e-06	3.50761	0
1.303396e-06	3.50752	0
1.304052e-06	3.50743	0
1.305365e-06	3.50724	0
1.309982e-06	3.50659	0
1.311307e-06	3.50641	0
1.312635e-06	3.50622	0
1.313300e-06	3.50613	0
1.313966e-06	3.50604	0
1.315299e-06	3.50585	0
1.315967e-06	3.50576	0
1.317974e-06	3.50549	0
1.319987e-06	3.50521	0
1.322681e-06	3.50484	0
1.324708e-06	3.50457	0
1.325386e-06	3.50448	0
1.327421e-06	3.5042	0
1.328102e-06	3.50411	0
1.330146e-06	3.50384	0
1.330829e-06	3.50375	0
1.331512e-06	3.50366	0
1.332196e-06	3.50357	0
1.334253e-06	3.5033	0
1.337006e-06	3.50293	0
1.339770e-06	3.50257	0
1.340462e-06	3.50248	0
1.341156e-06	3.50239	0
1.341850e-06	3.5023	0
1.342545e-06	3.50221	0
1.343937e-06	3.50203	0
1.344634e-06	3.50194	0
1.346730e-06	3.50167	0
1.347429e-06	3.50158	0
1.349534e-06	3.50131	0
1.350237e-06	3.50122	0
1.350940e-06	3.50114	0
1.352350e-06	3.50096	0
1.353762e-06	3.50078	0
1.354469e-06	3.50069	0
1.355177e-06	3.5006	0
1.355886e-06	3.50051	0
1.356596e-06	3.50042	0
1.357306e-06	3.50033	0
1.358017e-06	3.50025	0
1.359441e-06	3.50007	0
1.360155e-06	3.49998	0
1.360868e-06	3.49989	0
1.361583e-06	3.4998	0
1.364450e-06	3.49945	0
1.365168e-06	3.49936	0
1.365887e-06	3.49927	0
1.366607e-06	3.49918	0
1.367328e-06	3.4991	0
1.368050e-06	3.49901	0
1.368772e-06	3.49892	0
1.370219e-06	3.49874	0
1.370943e-06	3.49866	0
1.371669e-06	3.49857	0
1.372395e-06	3.49848	0
1.373122e-06	3.49839	0
1.373850e-06	3.49831	0
1.375307e-06	3.49813	0
1.376037e-06	3.49804	0
1.376768e-06	3.49796	0
1.377500e-06	3.49787	0
1.378232e-06	3.49778	0
1.378965e-06	3.49769	0
1.379699e-06	3.49761	0
1.380433e-06	3.49752	0
1.381169e-06	3.49743	0
1.381905e-06	3.49735	0
1.382642e-06	3.49726	0
1.383380e-06	3.49717	0
1.384119e-06	3.49709	0
1.384858e-06	3.497	0
1.385598e-06	3.49691	0
1.386339e-06	3.49682	0
1.387081e-06	3.49674	0
1.387824e-06	3.49665	0
1.388567e-06	3.49657	0
1.389311e-06	3.49648	0
1.390056e-06	3.49639	0
1.390802e-06	3.49631	0
1.391548e-06	3.49622	0
1.392296e-06	3.49613	0
1.393044e-06	3.49605	0
1.393793e-06	3.49596	0
1.394542e-06	3.49587	0
1.395293e-06	3.49579	0
1.396044e-06	3.4957	0
1.396796e-06	3.49562	0
1.397549e-06	3.49553	0
1.398303e-06	3.49545	0
1.399058e-06	3.49536	0
1.399813e-06	3.49527	0
1.400569e-06	3.49519	0
1.401327e-06	3.4951	0
1.402084e-06	3.49502	0
1.402843e-06	3.49493	0
1.403603e-06	3.49485	0
1.404363e-06	3.49476	0
1.405124e-06	3.49468	0
1.405886e-06	3.49459	0
1.406649e-06	3.49451	0
1.407413e-06	3.49442	0
1.408177e-06	3.49433	0
1.408943e-06	3.49425	0
1.409709e-06	3.49417	0
1.410476e-06	3.49408	0
1.411243e-06	3.49399	0
1.412012e-06	3.49391	0
1.412782e-06	3.49383	0
1.413552e-06	3.49374	0
1.414323e-06	3.49366	0
1.415095e-06	3.49357	0
1.415868e-06	3.49349	0
1.416642e-06	3.4934	0
1.417416e-06	3.49332	0
1.418192e-06	3.49323	0
1.418968e-06	3.49315	0
1.419745e-06	3.49307	0
1.420523e-06	3.49298	0
1.421302e-06	3.4929	0
1.422081e-06	3.49281	0
1.422862e-06	3.49273	0
1.423643e-06	3.49264	0
1.424425e-06	3.49256	0
1.425209e-06	3.49248	0
1.425992e-06	3.49239	0
1.426777e-06	3.49231	0
1.427563e-06	3.49222	0
1.428349e-06	3.49214	0
1.429137e-06	3.49206	0
1.429925e-06	3.49197	0
1.430714e-06	3.49189	0
1.431504e-06	3.49181	0
1.432295e-06	3.49172	0
1.433087e-06	3.49164	0
1.433880e-06	3.49156	0
1.434673e-06	3.49147	0
1.435467e-06	3.49139	0
1.436263e-06	3.49131	0
1.437059e-06	3.49122	0
1.437856e-06	3.49114	0
1.438654e-06	3.49106	0
1.439453e-06	3.49097	0
1.440252e-06	3.49089	0
1.441053e-06	3.49081	0
1.441854e-06	3.49073	0
1.442657e-06	3.49064	0
1.443460e-06	3.49056	0
1.444264e-06	3.49048	0
1.445069e-06	3.49039	0
1.445875e-06	3.49031	0
1.446682e-06	3.49023	0
1.447490e-06	3.49015	0
1.448299e-06	3.49006	0
1.449108e-06	3.48998	0
1.449919e-06	3.4899	0
1.450730e-06	3.48982	0
1.451542e-06	3.48974	0
1.452355e-06	3.48965	0
1.453169e-06	3.48957	0
1.453984e-06	3.48949	0
1.454800e-06	3.48941	0
1.455617e-06	3.48933	0
1.456435e-06	3.48924	0
1.457254e-06	3.48916	0
1.458073e-06	3.48908	0
1.458894e-06	3.489	0
1.459715e-06	3.48892	0
1.460538e-06	3.48883	0
1.461361e-06	3.48875	0
1.462185e-06	3.48867	0
1.463010e-06	3.48859	0
1.463836e-06	3.48851	0
1.464664e-06	3.48843	0
1.465491e-06	3.48835	0
1.466320e-06	3.48827	0
1.467150e-06	3.48818	0
1.467981e-06	3.4881	0
1.468813e-06	3.48802	0
1.469645e-06	3.48794	0
1.470479e-06	3.48786	0
1.471313e-06	3.48778	0
1.472149e-06	3.4877	0
1.472985e-06	3.48762	0
1.473823e-06	3.48754	0
1.474661e-06	3.48746	0
1.475500e-06	3.48738	0
1.476341e-06	3.4873	0
1.477182e-06	3.48721	0
1.478024e-06	3.48713	0
1.478867e-06	3.48705	0
1.479711e-06	3.48697	0
1.480556e-06	3.48689	0
1.481402e-06	3.48681	0
1.482249e-06	3.48673	0
1.483097e-06	3.48665	0
1.483946e-06	3.48657	0
1.484796e-06	3.48649	0
1.485647e-06	3.48641	0
1.486499e-06	3.48633	0
1.487352e-06	3.48625	0
1.488206e-06	3.48617	0
1.489060e-06	3.48609	0
1.489916e-06	3.48601	0
1.490773e-06	3.48593	0
1.491631e-06	3.48585	0
1.492489e-06	3.48577	0
1.493349e-06	3.48569	0
1.494210e-06	3.48561	0
1.495072e-06	3.48554	0
1.495934e-06	3.48546	0
1.496798e-06	3.48538	0
1.497663e-06	3.4853	0
1.498528e-06	3.48522	0
1.499395e-06	3.48514	0
1.500263e-06	3.48506	0
1.501132e-06	3.48498	0
1.502001e-06	3.4849	0
1.502872e-06	3.48482	0
1.503744e-06	3.48474	0
1.504616e-06	3.48466	0
1.505490e-06	3.48459	0
1.506365e-06	3.48451	0
1.507241e-06	3.48443	0
1.508118e-06	3.48435	0
1.508996e-06	3.48427	0
1.509874e-06	3.48419	0
1.510754e-06	3.48411	0
1.511635e-06	3.48403	0
1.512517e-06	3.48396	0
1.513400e-06	3.48388	0
1.514284e-06	3.4838	0
1.515169e-06	3.48372	0
1.516055e-06	3.48364	0
1.516942e-06	3.48357	0
1.517830e-06	3.48349	0
1.518720e-06	3.48341	0
1.519610e-06	3.48333	0
1.520501e-06	3.48325	0
1.521393e-06	3.48318	0
1.522287e-06	3.4831	0
1.523181e-06	3.48302	0
1.524077e-06	3.48294	0
1.524973e-06	3.48286	0
1.525871e-06	3.48279	0
1.526769e-06	3.48271	0
1.527669e-06	3.48263	0
1.528570e-06	3.48255	0
1.529472e-06	3.48248	0
1.530374e-06	3.4824	0
1.531278e-06	3.48232	0
1.532183e-06	3.48224	0
1.533089e-06	3.48217	0
1.533997e-06	3.48209	0
1.534905e-06	3.48201	0
1.535814e-06	3.48194	0
1.536725e-06	3.48186	0
1.537636e-06	3.48178	0
1.538549e-06	3.4817	0
1.539462e-06	3.48163	0
1.540377e-06	3.48155	0
1.541293e-06	3.48148	0
1.542210e-06	3.4814	0
1.543127e-06	3.48132	0
1.544047e-06	3.48124	0
1.544967e-06	3.48117	0
1.545888e-06	3.48109	0
1.546810e-06	3.48102	0
1.547734e-06	3.48094	0
1.548658e-06	3.48086	0
1.549584e-06	3.48079	0
1.550511e-06	3.48071	0
1.551439e-06	3.48063	0
1.552368e-06	3.48056	0
1.553298e-06	3.48048	0
1.554229e-06	3.48041	0
1.555162e-06	3.48033	0
1.556095e-06	3.48025	0
1.557030e-06	3.48018	0
1.557965e-06	3.4801	0
1.558902e-06	3.48003	0
1.559840e-06	3.47995	0
1.560779e-06	3.47987	0
1.561719e-06	3.4798	0
1.562661e-06	3.47972	0
1.563603e-06	3.47965	0
1.564547e-06	3.47957	0
1.565492e-06	3.4795	0
1.566438e-06	3.47942	0
1.567385e-06	3.47935	0
1.568333e-06	3.47927	0
1.569282e-06	3.4792	0
1.570233e-06	3.47912	0
1.571185e-06	3.47905	0
1.572137e-06	3.47897	0
1.573091e-06	3.4789	0
1.574046e-06	3.47882	0
1.575003e-06	3.47875	0
1.575960e-06	3.47867	0
1.576919e-06	3.4786	0
1.577878e-06	3.47852	0
1.578839e-06	3.47845	0
1.579802e-06	3.47837	0
1.580765e-06	3.4783	0
1.581729e-06	3.47822	0
1.582695e-06	3.47815	0
1.583662e-06	3.47807	0
1.584630e-06	3.478	0
1.585599e-06	3.47793	0
1.586569e-06	3.47785	0
1.587541e-06	3.47778	0
1.588514e-06	3.4777	0
1.589488e-06	3.47763	0
1.590463e-06	3.47756	0
1.591439e-06	3.47748	0
1.592417e-06	3.47741	0
1.593395e-06	3.47733	0
1.594375e-06	3.47726	0
1.595357e-06	3.47718	0
1.596339e-06	3.47711	0
1.597322e-06	3.47704	0
1.598307e-06	3.47696	0
1.599293e-06	3.47689	0
1.600280e-06	3.47682	0
1.601269e-06	3.47674	0
1.602258e-06	3.47667	0
1.603249e-06	3.4766	0
1.604241e-06	3.47652	0
1.605235e-06	3.47645	0
1.606229e-06	3.47638	0
1.607225e-06	3.4763	0
1.608222e-06	3.47623	0
1.609220e-06	3.47616	0
1.610220e-06	3.47608	0
1.611221e-06	3.47601	0
1.612223e-06	3.47594	0
1.613226e-06	3.47587	0
1.614231e-06	3.47579	0
1.615236e-06	3.47572	0
1.616243e-06	3.47565	0
1.617252e-06	3.47557	0
1.618261e-06	3.4755	0
1.619272e-06	3.47543	0
1.620284e-06	3.47536	0
1.621297e-06	3.47528	0
1.622312e-06	3.47521	0
1.623328e-06	3.47514	0
1.624345e-06	3.47507	0
1.625363e-06	3.47499	0
1.626383e-06	3.47492	0
1.627404e-06	3.47485	0
1.628426e-06	3.47478	0
1.629449e-06	3.47471	0
1.630474e-06	3.47463	0
1.631500e-06	3.47456	0
1.632528e-06	3.47449	0
1.633557e-06	3.47442	0
1.634587e-06	3.47435	0
1.635618e-06	3.47427	0
1.636650e-06	3.4742	0
1.637684e-06	3.47413	0
1.638719e-06	3.47406	0
1.639756e-06	3.47399	0
1.640794e-06	3.47391	0
1.641833e-06	3.47384	0
1.642873e-06	3.47377	0
1.643915e-06	3.4737	0
1.644958e-06	3.47363	0
1.646003e-06	3.47356	0
1.647048e-06	3.47349	0
1.648096e-06	3.47342	0
1.649144e-06	3.47335	0
1.650194e-06	3.47327	0
1.651245e-06	3.4732	0
1.652297e-06	3.47313	0
1.653351e-06	3.47306	0
1.654406e-06	3.47299	0
1.655463e-06	3.47292	0
1.656520e-06	3.47285	0
1.657579e-06	3.47278	0
1.658640e-06	3.47271	0
1.659702e-06	3.47264	0
1.660765e-06	3.47256	0
1.661830e-06	3.47249	0
1.662896e-06	3.47242	0
1.663963e-06	3.47235	0
1.665032e-06	3.47228	0
1.666102e-06	3.47221	0
1.667173e-06	3.47214	0
1.668246e-06	3.47207	0
1.669320e-06	3.472	0
1.670396e-06	3.47193	0
1.671473e-06	3.47186	0
1.672551e-06	3.47179	0
1.673631e-06	3.47172	0
1.674712e-06	3.47165	0
1.675795e-06	3.47158	0
1.676879e-06	3.47151	0
1.677964e-06	3.47144	0
1.679051e-06	3.47137	0
1.680139e-06	3.4713	0
1.681228e-06	3.47123	0
1.682320e-06	3.47116	0
1.683412e-06	3.4711	0
1.684506e-06	3.47103	0
1.685601e-06	3.47096	0
1.686698e-06	3.47089	0
1.687796e-06	3.47082	0
1.688895e-06	3.47075	0
1.689996e-06	3.47068	0
1.691099e-06	3.47061	0
1.692203e-06	3.47054	0
1.693308e-06	3.47047	0
1.694414e-06	3.4704	0
1.695523e-06	3.47033	0
1.696632e-06	3.47026	0
1.697744e-06	3.47019	0
1.698856e-06	3.47013	0
1.699970e-06	3.47006	0
1.701085e-06	3.46999	0
1.702202e-06	3.46992	0
1.703321e-06	3.46985	0
1.704441e-06	3.46978	0
1.705562e-06	3.46971	0
1.706685e-06	3.46965	0
1.707809e-06	3.46958	0
1.708935e-06	3.46951	0
1.710062e-06	3.46944	0
1.711191e-06	3.46937	0
1.712321e-06	3.4693	0
1.713453e-06	3.46924	0
1.714586e-06	3.46917	0
1.715721e-06	3.4691	0
1.716857e-06	3.46903	0
1.717995e-06	3.46896	0
1.719134e-06	3.4689	0
1.720275e-06	3.46883	0
1.721417e-06	3.46876	0
1.722561e-06	3.46869	0
1.723706e-06	3.46862	0
1.724853e-06	3.46856	0
1.726001e-06	3.46849	0
1.727152e-06	3.46842	0
1.728303e-06	3.46835	0
1.729456e-06	3.46829	0
1.730610e-06	3.46822	0
1.731766e-06	3.46815	0
1.732924e-06	3.46808	0
1.734083e-06	3.46802	0
1.735244e-06	3.46795	0
1.736406e-06	3.46788	0
1.737570e-06	3.46782	0
1.738735e-06	3.46775	0
1.739902e-06	3.46768	0
1.741071e-06	3.46761	0
1.742241e-06	3.46755	0
1.743412e-06	3.46748	0
1.744586e-06	3.46741	0
1.745760e-06	3.46735	0
1.746937e-06	3.46728	0
1.748115e-06	3.46721	0
1.749294e-06	3.46715	0
1.750476e-06	3.46708	0
1.751658e-06	3.46701	0
1.752843e-06	3.46695	0
1.754029e-06	3.46688	0
1.755216e-06	3.46681	0
1.756405e-06	3.46675	0
1.757596e-06	3.46668	0
1.758788e-06	3.46662	0
1.759982e-06	3.46655	0
1.761178e-06	3.46648	0
1.762375e-06	3.46642	0
1.763574e-06	3.46635	0
1.764775e-06	3.46629	0
1.765977e-06	3.46622	0
1.767181e-06	3.46615	0
1.768386e-06	3.46609	0
1.769593e-06	3.46602	0
1.770802e-06	3.46596	0
1.772012e-06	3.46589	0
1.773224e-06	3.46582	0
1.774438e-06	3.46576	0
1.775654e-06	3.46569	0
1.776870e-06	3.46563	0
1.778089e-06	3.46556	0
1.779310e-06	3.4655	0
1.780532e-06	3.46543	0
1.781756e-06	3.46537	0
1.782981e-06	3.4653	0
1.784208e-06	3.46524	0
1.785437e-06	3.46517	0
1.786667e-06	3.4651	0
1.787899e-06	3.46504	0
1.789133e-06	3.46497	0
1.790369e-06	3.46491	0
1.791606e-06	3.46484	0
1.792845e-06	3.46478	0
1.794086e-06	3.46472	0
1.795328e-06	3.46465	0
1.796573e-06	3.46459	0
1.797818e-06	3.46452	0
1.799066e-06	3.46446	0
1.800315e-06	3.46439	0
1.801566e-06	3.46433	0
1.802819e-06	3.46426	0
1.804074e-06	3.4642	0
1.805330e-06	3.46413	0
1.806589e-06	3.46407	0
1.807848e-06	3.46401	0
1.809110e-06	3.46394	0
1.810373e-06	3.46388	0
1.811638e-06	3.46381	0
1.812905e-06	3.46375	0
1.814174e-06	3.46368	0
1.815444e-06	3.46362	0
1.816716e-06	3.46356	0
1.817990e-06	3.46349	0
1.819266e-06	3.46343	0
1.820544e-06	3.46337	0
1.821823e-06	3.4633	0
1.823104e-06	3.46324	0
1.824387e-06	3.46318	0
1.825672e-06	3.46311	0
1.826959e-06	3.46305	0
1.828247e-06	3.46298	0
1.829537e-06	3.46292	0
1.830829e-06	3.46286	0
1.832123e-06	3.46279	0
1.833419e-06	3.46273	0
1.834716e-06	3.46267	0
1.836016e-06	3.4626	0
1.837317e-06	3.46254	0
1.838620e-06	3.46248	0
1.839925e-06	3.46242	0
1.841232e-06	3.46235	0
1.842540e-06	3.46229	0
1.843851e-06	3.46223	0
1.845163e-06	3.46216	0
1.846477e-06	3.4621	0
1.847794e-06	3.46204	0
1.849111e-06	3.46197	0
1.850431e-06	3.46191	0
1.851753e-06	3.46185	0
1.853077e-06	3.46179	0
1.854402e-06	3.46172	0
1.855730e-06	3.46166	0
1.857059e-06	3.4616	0
1.858390e-06	3.46154	0
1.859723e-06	3.46148	0
1.861058e-06	3.46141	0
1.862396e-06	3.46135	0
1.863734e-06	3.46129	0
1.865075e-06	3.46123	0
1.866418e-06	3.46116	0
1.867762e-06	3.4611	0
1.869109e-06	3.46104	0
1.870458e-06	3.46098	0
1.871808e-06	3.46092	0
1.873160e-06	3.46085	0
1.874515e-06	3.46079	0
1.875871e-06	3.46073	0
1.877229e-06	3.46067	0
1.878590e-06	3.46061	0
1.879952e-06	3.46055	0
1.881317e-06	3.46048	0
1.882683e-06	3.46042	0
1.884051e-06	3.46036	0
1.885422e-06	3.4603	0
1.886794e-06	3.46024	0
1.888168e-06	3.46018	0
1.889544e-06	3.46012	0
1.890922e-06	3.46006	0
1.892302e-06	3.45999	0
1.893685e-06	3.45993	0
1.895069e-06	3.45987	0
1.896455e-06	3.45981	0
1.897844e-06	3.45975	0
1.899234e-06	3.45969	0
1.900626e-06	3.45963	0
1.902021e-06	3.45957	0
1.903417e-06	3.45951	0
1.904816e-06	3.45945	0
1.906216e-06	3.45938	0
1.907619e-06	3.45932	0
1.909024e-06	3.45926	0
1.910431e-06	3.4592	0
1.911839e-06	3.45914	0
1.913250e-06	3.45908	0
1.914663e-06	3.45902	0
1.916079e-06	3.45896	0
1.917496e-06	3.4589	0
1.918915e-06	3.45884	0
1.920336e-06	3.45878	0
1.921760e-06	3.45872	0
1.923186e-06	3.45866	0
1.924613e-06	3.4586	0
1.926043e-06	3.45854	0
1.927475e-06	3.45848	0
1.928909e-06	3.45842	0
1.930346e-06	3.45836	0
1.931784e-06	3.4583	0
1.933224e-06	3.45824	0
1.934667e-06	3.45818	0
1.936112e-06	3.45812	0
1.937559e-06	3.45806	0
1.939008e-06	3.458	0
1.940460e-06	3.45794	0
1.941913e-06	3.45788	0
1.943369e-06	3.45782	0
1.944827e-06	3.45776	0
1.946287e-06	3.4577	0
1.947749e-06	3.45765	0
1.949214e-06	3.45759	0
1.950680e-06	3.45753	0
1.952149e-06	3.45747	0
1.953620e-06	3.45741	0
1.955094e-06	3.45735	0
1.956569e-06	3.45729	0
1.958047e-06	3.45723	0
1.959527e-06	3.45717	0
1.961009e-06	3.45711	0
1.962494e-06	3.45706	0
1.963981e-06	3.457	0
1.965469e-06	3.45694	0
1.966961e-06	3.45688	0
1.968454e-06	3.45682	0
1.969950e-06	3.45676	0
1.971448e-06	3.4567	0
1.972948e-06	3.45664	0
1.974451e-06	3.45659	0
1.975956e-06	3.45653	0
1.977463e-06	3.45647	0
1.978973e-06	3.45641	0
1.980484e-06	3.45635	0
1.981999e-06	3.4563	0
1.983515e-06	3.45624	0
1.985034e-06	3.45618	0
1.986555e-06	3.45612	0
1.988078e-06	3.45606	0
1.989604e-06	3.45601	0
1.991132e-06	3.45595	0
1.992663e-06	3.45589	0
1.994196e-06	3.45583	0
1.995731e-06	3.45577	0
1.997269e-06	3.45572	0
1.998808e-06	3.45566	0
2.000350e-06	3.4556	0
2.001895e-06	3.45554	0
2.003442e-06	3.45549	0
2.004992e-06	3.45543	0
2.006544e-06	3.45537	0
2.008098e-06	3.45531	0
2.009654e-06	3.45526	0
2.011213e-06	3.4552	0
2.012775e-06	3.45514	0
2.014339e-06	3.45508	0
2.015905e-06	3.45503	0
2.017474e-06	3.45497	0
2.019045e-06	3.45491	0
2.020619e-06	3.45486	0
2.022195e-06	3.4548	0
2.023774e-06	3.45474	0
2.025355e-06	3.45469	0
2.026938e-06	3.45463	0
2.028525e-06	3.45457	0
2.030113e-06	3.45452	0
2.031704e-06	3.45446	0
2.033297e-06	3.4544	0
2.034894e-06	3.45435	0
2.036492e-06	3.45429	0
2.038093e-06	3.45423	0
2.039696e-06	3.45418	0
2.041302e-06	3.45412	0
2.042911e-06	3.45406	0
2.044522e-06	3.45401	0
2.046136e-06	3.45395	0
2.047752e-06	3.4539	0
2.049371e-06	3.45384	0
2.050992e-06	3.45378	0
2.052616e-06	3.45373	0
2.054243e-06	3.45367	0
2.055872e-06	3.45362	0
2.057503e-06	3.45356	0
2.059138e-06	3.4535	0
2.060775e-06	3.45345	0
2.062414e-06	3.45339	0
2.064056e-06	3.45334	0
2.065700e-06	3.45328	0
2.067348e-06	3.45323	0
2.068998e-06	3.45317	0
2.070651e-06	3.45311	0
2.072306e-06	3.45306	0
2.073963e-06	3.453	0
2.075624e-06	3.45295	0
2.077287e-06	3.45289	0
2.078953e-06	3.45284	0
2.080622e-06	3.45278	0
2.082293e-06	3.45273	0
2.083966e-06	3.45267	0
2.085643e-06	3.45262	0
2.087322e-06	3.45256	0
2.089004e-06	3.45251	0
2.090689e-06	3.45245	0
2.092376e-06	3.4524	0
2.094067e-06	3.45234	0
2.095759e-06	3.45229	0
2.097455e-06	3.45223	0
2.099153e-06	3.45218	0
2.100854e-06	3.45212	0
2.102558e-06	3.45207	0
2.104265e-06	3.45201	0
2.105974e-06	3.45196	0
2.107686e-06	3.45191	0
2.109401e-06	3.45185	0
2.111119e-06	3.4518	0
2.112840e-06	3.45174	0
2.114563e-06	3.45169	0
2.116289e-06	3.45163	0
2.118018e-06	3.45158	0
2.119750e-06	3.45153	0
2.121485e-06	3.45147	0
2.123222e-06	3.45142	0
2.124963e-06	3.45136	0
2.126706e-06	3.45131	0
2.128452e-06	3.45126	0
2.130200e-06	3.4512	0
2.131953e-06	3.45115	0
2.133707e-06	3.45109	0
2.135465e-06	3.45104	0
2.137225e-06	3.45099	0
2.138989e-06	3.45093	0
2.140755e-06	3.45088	0
2.142524e-06	3.45083	0
2.144296e-06	3.45077	0
2.146071e-06	3.45072	0
2.147849e-06	3.45067	0
2.149631e-06	3.45061	0
2.151414e-06	3.45056	0
2.153201e-06	3.45051	0
2.154991e-06	3.45045	0
2.156784e-06	3.4504	0
2.158580e-06	3.45035	0
2.160379e-06	3.45029	0
2.162180e-06	3.45024	0
2.163985e-06	3.45019	0
2.165793e-06	3.45013	0
2.167604e-06	3.45008	0
2.169418e-06	3.45003	0
2.171235e-06	3.44998	0
2.173055e-06	3.44992	0
2.174878e-06	3.44987	0
2.176704e-06	3.44982	0
2.178533e-06	3.44977	0
2.180365e-06	3.44971	0
2.182201e-06	3.44966	0
2.184039e-06	3.44961	0
2.185881e-06	3.44956	0
2.187725e-06	3.4495	0
2.189573e-06	3.44945	0
2.191423e-06	3.4494	0
2.193278e-06	3.44935	0
2.195135e-06	3.44929	0
2.196995e-06	3.44924	0
2.198858e-06	3.44919	0
2.200725e-06	3.44914	0
2.202595e-06	3.44909	0
2.204468e-06	3.44903	0
2.206344e-06	3.44898	0
2.208224e-06	3.44893	0
2.210106e-06	3.44888	0
2.211992e-06	3.44883	0
2.213881e-06	3.44878	0
2.215773e-06	3.44872	0
2.217668e-06	3.44867	0
2.219567e-06	3.44862	0
2.221469e-06	3.44857	0
2.223374e-06	3.44852	0
2.225283e-06	3.44847	0
2.227194e-06	3.44841	0
2.229109e-06	3.44836	0
2.231028e-06	3.44831	0
2.232949e-06	3.44826	0
2.234875e-06	3.44821	0
2.236803e-06	3.44816	0
2.238734e-06	3.44811	0
2.240669e-06	3.44806	0
2.242608e-06	3.44801	0
2.244549e-06	3.44795	0
2.246494e-06	3.4479	0
2.248443e-06	3.44785	0
2.250394e-06	3.4478	0
2.252350e-06	3.44775	0
2.254308e-06	3.4477	0
2.256270e-06	3.44765	0
2.258235e-06	3.4476	0
2.260204e-06	3.44755	0
2.262177e-06	3.4475	0
2.264152e-06	3.44745	0
2.266131e-06	3.4474	0
2.268114e-06	3.44735	0
2.270100e-06	3.4473	0
2.272089e-06	3.44725	0
2.274083e-06	3.4472	0
2.276079e-06	3.44715	0
2.278079e-06	3.4471	0
2.280083e-06	3.44705	0
2.282090e-06	3.447	0
2.284101e-06	3.44695	0
2.286115e-06	3.4469	0
2.288133e-06	3.44685	0
2.290154e-06	3.4468	0
2.292179e-06	3.44675	0
2.294207e-06	3.4467	0
2.296239e-06	3.44665	0
2.298275e-06	3.4466	0
2.300314e-06	3.44655	0
2.302357e-06	3.4465	0
2.304404e-06	3.44645	0
2.306454e-06	3.4464	0
2.308508e-06	3.44635	0
2.310565e-06	3.4463	0
2.312626e-06	3.44625	0
2.314692e-06	3.4462	0
2.316760e-06	3.44615	0
2.318832e-06	3.4461	0
2.320908e-06	3.44605	0
2.322988e-06	3.446	0
2.325071e-06	3.44596	0
2.327158e-06	3.44591	0
2.329249e-06	3.44586	0
2.331344e-06	3.44581	0
2.333442e-06	3.44576	0
2.335544e-06	3.44571	0
2.337650e-06	3.44566	0
2.339760e-06	3.44561	0
2.341874e-06	3.44557	0
2.343991e-06	3.44552	0
2.346113e-06	3.44547	0
2.348238e-06	3.44542	0
2.350366e-06	3.44537	0
2.352499e-06	3.44532	0
2.354636e-06	3.44527	0
2.356777e-06	3.44523	0
2.358921e-06	3.44518	0
2.361069e-06	3.44513	0
2.363221e-06	3.44508	0
2.365378e-06	3.44503	0
2.367538e-06	3.44498	0
2.369703e-06	3.44494	0
2.371870e-06	3.44489	0
2.374042e-06	3.44484	0
2.376219e-06	3.44479	0
2.378398e-06	3.44474	0
2.380582e-06	3.4447	0
2.382771e-06	3.44465	0
2.384963e-06	3.4446	0
2.387158e-06	3.44455	0
2.389359e-06	3.4445	0
2.391563e-06	3.44446	0
2.393771e-06	3.44441	0
2.395984e-06	3.44436	0
2.398200e-06	3.44432	0
2.400420e-06	3.44427	0
2.402645e-06	3.44422	0
2.404874e-06	3.44417	0
2.407107e-06	3.44413	0
2.409344e-06	3.44408	0
2.411585e-06	3.44403	0
2.413831e-06	3.44398	0
2.416080e-06	3.44394	0
2.418334e-06	3.44389	0
2.420592e-06	3.44384	0
2.422854e-06	3.4438	0
2.425121e-06	3.44375	0
2.427392e-06	3.4437	0
2.429667e-06	3.44366	0
2.431946e-06	3.44361	0
2.434229e-06	3.44356	0
2.436517e-06	3.44352	0
2.438809e-06	3.44347	0
2.441106e-06	3.44342	0
2.443406e-06	3.44338	0
2.445711e-06	3.44333	0
2.448021e-06	3.44328	0
2.450335e-06	3.44324	0
2.452653e-06	3.44319	0
2.454976e-06	3.44314	0
2.457303e-06	3.4431	0
2.459634e-06	3.44305	0
2.461970e-06	3.443	0
2.464310e-06	3.44296	0
2.466655e-06	3.44291	0
2.469004e-06	3.44287	0
2.471358e-06	3.44282	0
2.473716e-06	3.44277	0
2.476079e-06	3.44273	0
2.478446e-06	3.44268	0
2.480818e-06	3.44264	0
2.483194e-06	3.44259	0
2.485574e-06	3.44254	0
2.487960e-06	3.4425	0
2.490350e-06	3.44245	0
2.492744e-06	3.44241	0
2.495144e-06	3.44236	0
2.497547e-06	3.44232	0
2.499956e-06	3.44227	0
2.502369e-06	3.44223	0
2.504787e-06	3.44218	0
2.507209e-06	3.44213	0
2.509636e-06	3.44209	0
2.512068e-06	3.44204	0
2.514504e-06	3.442	0
2.516946e-06	3.44195	0
2.519392e-06	3.44191	0
2.521843e-06	3.44186	0
2.524298e-06	3.44182	0
2.526758e-06	3.44177	0
2.529224e-06	3.44173	0
2.531693e-06	3.44168	0
2.534168e-06	3.44164	0
2.536648e-06	3.44159	0
2.539132e-06	3.44155	0
2.541622e-06	3.4415	0
2.544116e-06	3.44146	0
2.546615e-06	3.44142	0
2.549119e-06	3.44137	0
2.551628e-06	3.44133	0
2.554142e-06	3.44128	0
2.556661e-06	3.44124	0
2.559185e-06	3.44119	0
2.561714e-06	3.44115	0
2.564247e-06	3.4411	0
2.566787e-06	3.44106	0
2.569330e-06	3.44102	0
2.571879e-06	3.44097	0
2.574433e-06	3.44093	0
2.576992e-06	3.44088	0
2.579557e-06	3.44084	0
2.582126e-06	3.4408	0
2.584700e-06	3.44075	0
2.587280e-06	3.44071	0
2.589864e-06	3.44067	0
2.592454e-06	3.44062	0
2.595050e-06	3.44058	0
2.597650e-06	3.44053	0
2.600255e-06	3.44049	0
2.602866e-06	3.44045	0
2.605482e-06	3.4404	0
2.608103e-06	3.44036	0
2.610729e-06	3.44032	0
2.613361e-06	3.44027	0
2.615998e-06	3.44023	0
2.618641e-06	3.44019	0
2.621288e-06	3.44014	0
2.623941e-06	3.4401	0
2.626600e-06	3.44006	0
2.629264e-06	3.44001	0
2.631933e-06	3.43997	0
2.634608e-06	3.43993	0
2.637288e-06	3.43988	0
2.639973e-06	3.43984	0
2.642665e-06	3.4398	0
2.645361e-06	3.43975	0
2.648064e-06	3.43971	0
2.650771e-06	3.43967	0
2.653484e-06	3.43963	0
2.656203e-06	3.43958	0
2.658927e-06	3.43954	0
2.661657e-06	3.4395	0
2.664393e-06	3.43946	0
2.667134e-06	3.43941	0
2.669880e-06	3.43937	0
2.672633e-06	3.43933	0
2.675391e-06	3.43929	0
2.678155e-06	3.43925	0
2.680925e-06	3.4392	0
2.683700e-06	3.43916	0
2.686481e-06	3.43912	0
2.689268e-06	3.43908	0
2.692060e-06	3.43903	0
2.694858e-06	3.43899	0
2.697663e-06	3.43895	0
2.700473e-06	3.43891	0
2.703290e-06	3.43887	0
2.706111e-06	3.43882	0
2.708938e-06	3.43878	0
2.711772e-06	3.43874	0
2.714612e-06	3.4387	0
2.717457e-06	3.43866	0
2.720309e-06	3.43861	0
2.723166e-06	3.43857	0
2.726029e-06	3.43853	0
2.728899e-06	3.43849	0
2.731775e-06	3.43845	0
2.734656e-06	3.43841	0
2.737544e-06	3.43837	0
2.740438e-06	3.43832	0
2.743337e-06	3.43828	0
2.746244e-06	3.43824	0
2.749156e-06	3.4382	0
2.752074e-06	3.43816	1e-06
2.754999e-06	3.43812	1e-06
2.757930e-06	3.43808	1e-06
2.760867e-06	3.43804	1e-06
2.763811e-06	3.438	1e-06
2.766760e-06	3.43796	1e-06
2.769717e-06	3.43791	1e-06
2.772678e-06	3.43787	1e-06
2.775647e-06	3.43783	1e-06
2.778622e-06	3.43779	1e-06
2.781603e-06	3.43775	1e-06
2.784591e-06	3.43771	1e-06
2.787585e-06	3.43767	1e-06
2.790586e-06	3.43763	1e-06
2.793593e-06	3.43759	1e-06
2.796607e-06	3.43755	1e-06
2.799627e-06	3.43751	1e-06
2.802653e-06	3.43747	1e-06
2.805686e-06	3.43743	1e-06
2.808726e-06	3.43739	1e-06
2.811772e-06	3.43735	1e-06
2.814826e-06	3.43731	1e-06
2.817885e-06	3.43727	1e-06
2.820951e-06	3.43723	1e-06
2.824024e-06	3.43719	1e-06
2.827104e-06	3.43715	1e-06
2.830191e-06	3.43711	1e-06
2.833283e-06	3.43707	1e-06
2.836383e-06	3.43703	1e-06
2.839490e-06	3.43699	1e-06
2.842603e-06	3.43695	1e-06
2.845723e-06	3.43691	1e-06
2.848851e-06	3.43687	1e-06
2.851985e-06	3.43683	1e-06
2.855126e-06	3.43679	1e-06
2.858274e-06	3.43675	1e-06
2.861428e-06	3.43671	1e-06
2.864590e-06	3.43667	1e-06
2.867759e-06	3.43663	1e-06
2.870935e-06	3.43659	1e-06
2.874117e-06	3.43655	1e-06
2.877308e-06	3.43651	1e-06
2.880505e-06	3.43647	1e-06
2.883709e-06	3.43643	1e-06
2.886920e-06	3.4364	1e-06
2.890138e-06	3.43636	1e-06
2.893364e-06	3.43632	1e-06
2.896597e-06	3.43628	1e-06
2.899837e-06	3.43624	1e-06
2.903085e-06	3.4362	1e-06
2.906339e-06	3.43616	1e-06
2.909600e-06	3.43612	1e-06
2.912870e-06	3.43608	1e-06
2.916147e-06	3.43605	1e-06
2.919430e-06	3.43601	1e-06
2.922722e-06	3.43597	1e-06
2.926021e-06	3.43593	1e-06
2.929327e-06	3.43589	1e-06
2.932641e-06	3.43585	1e-06
2.935962e-06	3.43581	1e-06
2.939290e-06	3.43578	1e-06
2.942627e-06	3.43574	1e-06
2.945971e-06	3.4357	1e-06
2.949323e-06	3.43566	1e-06
2.952682e-06	3.43562	1e-06
2.956048e-06	3.43558	1e-06
2.959423e-06	3.43555	1e-06
2.962805e-06	3.43551	1e-06
2.966195e-06	3.43547	1e-06
2.969593e-06	3.43543	1e-06
2.972998e-06	3.43539	1e-06
2.976411e-06	3.43536	1e-06
2.979833e-06	3.43532	1e-06
2.983262e-06	3.43528	1e-06
2.986698e-06	3.43524	1e-06
2.990144e-06	3.4352	1e-06
2.993596e-06	3.43517	1e-06
2.997057e-06	3.43513	1e-06
3.000526e-06	3.43509	1e-06
3.004003e-06	3.43505	1e-06
3.007487e-06	3.43502	1e-06
3.010981e-06	3.43498	1e-06
3.014482e-06	3.43494	1e-06
3.017991e-06	3.4349	1e-06
3.021509e-06	3.43487	1e-06
3.025034e-06	3.43483	1e-06
3.028569e-06	3.43479	1e-06
3.032110e-06	3.43476	1e-06
3.035661e-06	3.43472	1e-06
3.039220e-06	3.43468	1e-06
3.042787e-06	3.43464	1e-06
3.046362e-06	3.43461	1e-06
3.049947e-06	3.43457	1e-06
3.053539e-06	3.43453	1e-06
3.057139e-06	3.4345	1e-06
3.060749e-06	3.43446	1e-06
3.064367e-06	3.43442	1e-06
3.067993e-06	3.43439	1e-06
3.071629e-06	3.43435	1e-06
3.075272e-06	3.43431	1e-06
3.078924e-06	3.43428	1e-06
3.082586e-06	3.43424	1e-06
3.086255e-06	3.4342	1e-06
3.089934e-06	3.43417	1e-06
3.093621e-06	3.43413	1e-06
3.097317e-06	3.43409	1e-06
3.101022e-06	3.43406	1e-06
3.104736e-06	3.43402	1e-06
3.108458e-06	3.43398	1e-06
3.112190e-06	3.43395	1e-06
3.115931e-06	3.43391	1e-06
3.119680e-06	3.43388	1e-06
3.123439e-06	3.43384	1e-06
3.127207e-06	3.4338	1e-06
3.130983e-06	3.43377	1e-06
3.134770e-06	3.43373	1e-06
3.138564e-06	3.4337	1e-06
3.142369e-06	3.43366	1e-06
3.146183e-06	3.43362	1e-06
3.150005e-06	3.43359	1e-06
3.153837e-06	3.43355	1e-06
3.157679e-06	3.43352	1e-06
3.161530e-06	3.43348	1e-06
3.165390e-06	3.43345	1e-06
3.169260e-06	3.43341	1e-06
3.173138e-06	3.43337	1e-06
3.177028e-06	3.43334	1e-06
3.180926e-06	3.4333	1e-06
3.184833e-06	3.43327	1e-06
3.188751e-06	3.43323	1e-06
3.192678e-06	3.4332	1e-06
3.196614e-06	3.43316	1e-06
3.200561e-06	3.43313	1e-06
3.204517e-06	3.43309	1e-06
3.208483e-06	3.43306	1e-06
3.212459e-06	3.43302	1e-06
3.216444e-06	3.43299	1e-06
3.220440e-06	3.43295	1e-06
3.224446e-06	3.43292	1e-06
3.228461e-06	3.43288	1e-06
3.232486e-06	3.43285	1e-06
3.236522e-06	3.43281	1e-06
3.240568e-06	3.43278	1e-06
3.244624e-06	3.43274	1e-06
3.248690e-06	3.43271	1e-06
3.252766e-06	3.43267	1e-06
3.256853e-06	3.43264	1e-06
3.260949e-06	3.43261	1e-06
3.265056e-06	3.43257	1e-06
3.269174e-06	3.43254	1e-06
3.273301e-06	3.4325	1e-06
3.277439e-06	3.43247	1e-06
3.281588e-06	3.43243	1e-06
3.285747e-06	3.4324	1e-06
3.289917e-06	3.43236	1e-06
3.294097e-06	3.43233	1e-06
3.298288e-06	3.4323	1e-06
3.302489e-06	3.43226	1e-06
3.306702e-06	3.43223	1e-06
3.310925e-06	3.43219	1e-06
3.315159e-06	3.43216	1e-06
3.319404e-06	3.43213	1e-06
3.323659e-06	3.43209	1e-06
3.327925e-06	3.43206	1e-06
3.332204e-06	3.43202	1e-06
3.336492e-06	3.43199	1e-06
3.340792e-06	3.43196	1e-06
3.345102e-06	3.43192	1e-06
3.349424e-06	3.43189	1e-06
3.353758e-06	3.43186	1e-06
3.358102e-06	3.43182	1e-06
3.362457e-06	3.43179	1e-06
3.366824e-06	3.43176	1e-06
3.371202e-06	3.43172	1e-06
3.375592e-06	3.43169	1e-06
3.379993e-06	3.43166	1e-06
3.384405e-06	3.43162	1e-06
3.388829e-06	3.43159	1e-06
3.393265e-06	3.43156	1e-06
3.397712e-06	3.43152	1e-06
3.402171e-06	3.43149	1e-06
3.406642e-06	3.43146	1e-06
3.411124e-06	3.43142	1e-06
3.415618e-06	3.43139	1e-06
3.420125e-06	3.43136	1e-06
3.424642e-06	3.43133	1e-06
3.429172e-06	3.43129	1e-06
3.433714e-06	3.43126	1e-06
3.438268e-06	3.43123	1e-06
3.442835e-06	3.4312	1e-06
3.447413e-06	3.43116	1e-06
3.452003e-06	3.43113	1e-06
3.456606e-06	3.4311	1e-06
3.461221e-06	3.43106	1e-06
3.465848e-06	3.43103	1e-06
3.470488e-06	3.431	1e-06
3.475140e-06	3.43097	1e-06
3.479804e-06	3.43094	1e-06
3.484482e-06	3.4309	1e-06
3.489172e-06	3.43087	1e-06
3.493873e-06	3.43084	1e-06
3.498589e-06	3.43081	1e-06
3.503316e-06	3.43078	1e-06
3.508057e-06	3.43074	1e-06
3.512811e-06	3.43071	1e-06
3.517577e-06	3.43068	1e-06
3.522356e-06	3.43065	1e-06
3.527149e-06	3.43061	1e-06
3.531954e-06	3.43058	1e-06
3.536772e-06	3.43055	1e-06
3.541604e-06	3.43052	1e-06
3.546449e-06	3.43049	1e-06
3.551307e-06	3.43046	1e-06
3.556179e-06	3.43043	1e-06
3.561063e-06	3.43039	1e-06
3.565963e-06	3.43036	1e-06
3.570874e-06	3.43033	1e-06
3.575799e-06	3.4303	1e-06
3.580739e-06	3.43027	1e-06
3.585691e-06	3.43024	1e-06
3.590657e-06	3.4302	1e-06
3.595638e-06	3.43017	1e-06
3.600631e-06	3.43014	1e-06
3.605638e-06	3.43011	1e-06
3.610661e-06	3.43008	1e-06
3.615696e-06	3.43005	1e-06
3.620746e-06	3.43002	1e-06
3.625811e-06	3.42999	1e-06
3.630888e-06	3.42996	1e-06
3.635980e-06	3.42992	1e-06
3.641088e-06	3.4299	1e-06
3.646209e-06	3.42986	1e-06
3.651343e-06	3.42983	1e-06
3.656494e-06	3.4298	1e-06
3.661658e-06	3.42977	1e-06
3.666837e-06	3.42974	1e-06
3.672032e-06	3.42971	1e-06
3.677240e-06	3.42968	1e-06
3.682464e-06	3.42965	1e-06
3.687702e-06	3.42962	1e-06
3.692954e-06	3.42959	1e-06
3.698223e-06	3.42956	1e-06
3.703506e-06	3.42953	1e-06
3.708804e-06	3.4295	1e-06
3.714118e-06	3.42947	1e-06
3.719446e-06	3.42944	1e-06
3.724790e-06	3.42941	1e-06
3.730150e-06	3.42938	1e-06
3.735525e-06	3.42935	1e-06
3.740915e-06	3.42932	1e-06
3.746321e-06	3.42929	1e-06
3.751743e-06	3.42926	1e-06
3.757180e-06	3.42923	1e-06
3.762634e-06	3.4292	1e-06
3.768102e-06	3.42917	1e-06
3.773586e-06	3.42914	1e-06
3.779088e-06	3.42911	1e-06
3.784605e-06	3.42908	1e-06
3.790137e-06	3.42905	1e-06
3.795687e-06	3.42902	1e-06
3.801252e-06	3.42899	1e-06
3.806835e-06	3.42896	1e-06
3.812433e-06	3.42893	1e-06
3.818047e-06	3.4289	1e-06
3.823679e-06	3.42887	1e-06
3.829327e-06	3.42884	1e-06
3.834991e-06	3.42881	1e-06
3.840673e-06	3.42878	1e-06
3.846371e-06	3.42876	1e-06
3.852086e-06	3.42873	1e-06
3.857819e-06	3.4287	1e-06
3.863568e-06	3.42867	1e-06
3.869334e-06	3.42864	1e-06
3.875119e-06	3.42861	1e-06
3.880919e-06	3.42858	1e-06
3.886738e-06	3.42855	1e-06
3.892574e-06	3.42852	1e-06
3.898427e-06	3.42849	1e-06
3.904298e-06	3.42847	1e-06
3.910187e-06	3.42844	1e-06
3.916094e-06	3.42841	1e-06
3.922018e-06	3.42838	1e-06
3.927961e-06	3.42835	1e-06
3.933921e-06	3.42832	1e-06
3.939901e-06	3.42829	1e-06
3.945897e-06	3.42827	1e-06
3.951912e-06	3.42824	1e-06
3.957946e-06	3.42821	1e-06
3.963997e-06	3.42818	1e-06
3.970067e-06	3.42815	1e-06
3.976157e-06	3.42813	1e-06
3.982265e-06	3.4281	1e-06
3.988391e-06	3.42807	1e-06
3.994537e-06	3.42804	2e-06
4.000701e-06	3.42801	2e-06
4.006884e-06	3.42799	2e-06
4.013087e-06	3.42796	2e-06
4.019309e-06	3.42793	2e-06
4.025549e-06	3.4279	2e-06
4.031811e-06	3.42787	2e-06
4.038091e-06	3.42785	2e-06
4.044389e-06	3.42782	2e-06
4.050710e-06	3.42779	2e-06
4.057048e-06	3.42776	2e-06
4.063407e-06	3.42774	2e-06
4.069787e-06	3.42771	2e-06
4.076186e-06	3.42768	2e-06
4.082604e-06	3.42765	2e-06
4.089045e-06	3.42762	2e-06
4.095504e-06	3.4276	2e-06
4.101985e-06	3.42757	2e-06
4.108486e-06	3.42754	2e-06
4.115006e-06	3.42752	2e-06
4.121550e-06	3.42749	2e-06
4.128112e-06	3.42746	2e-06
4.134696e-06	3.42744	2e-06
4.141301e-06	3.42741	2e-06
4.147926e-06	3.42738	2e-06
4.154573e-06	3.42735	2e-06
4.161243e-06	3.42733	2e-06
4.167933e-06	3.4273	2e-06
4.174644e-06	3.42727	2e-06
4.181378e-06	3.42725	2e-06
4.188132e-06	3.42722	2e-06
4.194909e-06	3.42719	2e-06
4.201709e-06	3.42717	2e-06
4.208529e-06	3.42714	2e-06
4.215372e-06	3.42711	2e-06
4.222238e-06	3.42709	2e-06
4.229125e-06	3.42706	2e-06
4.236035e-06	3.42703	2e-06
4.242970e-06	3.42701	2e-06
4.249925e-06	3.42698	2e-06
4.256904e-06	3.42695	2e-06
4.263905e-06	3.42693	2e-06
4.270929e-06	3.4269	2e-06
4.277978e-06	3.42688	2e-06
4.285048e-06	3.42685	2e-06
4.292142e-06	3.42682	2e-06
4.299261e-06	3.4268	2e-06
4.306402e-06	3.42677	2e-06
4.313567e-06	3.42674	2e-06
4.320757e-06	3.42672	2e-06
4.327970e-06	3.42669	2e-06
4.335207e-06	3.42667	2e-06
4.342470e-06	3.42664	2e-06
4.349755e-06	3.42662	2e-06
4.357065e-06	3.42659	2e-06
4.364401e-06	3.42657	2e-06
4.371760e-06	3.42654	2e-06
4.379145e-06	3.42651	2e-06
4.386556e-06	3.42649	2e-06
4.393990e-06	3.42646	2e-06
4.401451e-06	3.42644	2e-06
4.408936e-06	3.42641	2e-06
4.416446e-06	3.42639	2e-06
4.423984e-06	3.42636	2e-06
4.431546e-06	3.42634	2e-06
4.439133e-06	3.42631	2e-06
4.446749e-06	3.42629	2e-06
4.454389e-06	3.42626	2e-06
4.462055e-06	3.42624	2e-06
4.469749e-06	3.42621	2e-06
4.477468e-06	3.42618	2e-06
4.485214e-06	3.42616	2e-06
4.492989e-06	3.42614	2e-06
4.500788e-06	3.42611	2e-06
4.508615e-06	3.42609	2e-06
4.516471e-06	3.42606	2e-06
4.524353e-06	3.42604	2e-06
4.532262e-06	3.42601	2e-06
4.540200e-06	3.42599	2e-06
4.548165e-06	3.42596	2e-06
4.556159e-06	3.42594	2e-06
4.564180e-06	3.42591	2e-06
4.572229e-06	3.42589	2e-06
4.580308e-06	3.42586	2e-06
4.588415e-06	3.42584	2e-06
4.596549e-06	3.42582	2e-06
4.604715e-06	3.42579	2e-06
4.612908e-06	3.42577	2e-06
4.621130e-06	3.42574	2e-06
4.629383e-06	3.42572	2e-06
4.637664e-06	3.42569	2e-06
4.645975e-06	3.42567	2e-06
4.654317e-06	3.42565	2e-06
4.662687e-06	3.42562	2e-06
4.671088e-06	3.4256	2e-06
4.679521e-06	3.42557	2e-06
4.687982e-06	3.42555	2e-06
4.696474e-06	3.42553	2e-06
4.704999e-06	3.4255	2e-06
4.713553e-06	3.42548	2e-06
4.722140e-06	3.42546	2e-06
4.730756e-06	3.42543	2e-06
4.739404e-06	3.42541	2e-06
4.748085e-06	3.42538	2e-06
4.756797e-06	3.42536	2e-06
4.765540e-06	3.42534	3e-06
4.774318e-06	3.42531	3e-06
4.783126e-06	3.42529	3e-06
4.791966e-06	3.42527	3e-06
4.800842e-06	3.42524	3e-06
4.809748e-06	3.42522	3e-06
4.818687e-06	3.4252	3e-06
4.827662e-06	3.42517	3e-06
4.836668e-06	3.42515	3e-06
4.845708e-06	3.42513	3e-06
4.854784e-06	3.4251	3e-06
4.863892e-06	3.42508	3e-06
4.873033e-06	3.42506	3e-06
4.882212e-06	3.42504	3e-06
4.891423e-06	3.42501	3e-06
4.900671e-06	3.42499	3e-06
4.909952e-06	3.42497	3e-06
4.919268e-06	3.42495	3e-06
4.928621e-06	3.42492	3e-06
4.938008e-06	3.4249	3e-06
4.947431e-06	3.42488	3e-06
4.956892e-06	3.42485	3e-06
4.966387e-06	3.42483	3e-06
4.975919e-06	3.42481	3e-06
4.985490e-06	3.42479	3e-06
4.995095e-06	3.42476	3e-06
5.004737e-06	3.42474	3e-06
5.014419e-06	3.42472	3e-06
5.024136e-06	3.4247	3e-06
5.033891e-06	3.42468	3e-06
5.043686e-06	3.42465	3e-06
5.053517e-06	3.42463	3e-06
5.063386e-06	3.42461	3e-06
5.073297e-06	3.42459	3e-06
5.083243e-06	3.42456	3e-06
5.093229e-06	3.42454	3e-06
5.103257e-06	3.42452	3e-06
5.113321e-06	3.4245	3e-06
5.123428e-06	3.42448	3e-06
5.133573e-06	3.42446	3e-06
5.143758e-06	3.42443	3e-06
5.153986e-06	3.42441	3e-06
5.164251e-06	3.42439	3e-06
5.174559e-06	3.42437	3e-06
5.184909e-06	3.42435	3e-06
5.195299e-06	3.42433	3e-06
5.205730e-06	3.4243	3e-06
5.216207e-06	3.42428	3e-06
5.226722e-06	3.42426	3e-06
5.237280e-06	3.42424	3e-06
5.247884e-06	3.42422	3e-06
5.258528e-06	3.4242	3e-06
5.269215e-06	3.42418	3e-06
5.279948e-06	3.42415	3e-06
5.290723e-06	3.42413	3e-06
5.301541e-06	3.42411	3e-06
5.312407e-06	3.42409	3e-06
5.323314e-06	3.42407	3e-06
5.334266e-06	3.42405	3e-06
5.345267e-06	3.42403	3e-06
5.356310e-06	3.42401	4e-06
5.367401e-06	3.42399	4e-06
5.378536e-06	3.42397	4e-06
5.389717e-06	3.42395	4e-06
5.400947e-06	3.42393	4e-06
5.412222e-06	3.4239	4e-06
5.423543e-06	3.42388	4e-06
5.434916e-06	3.42386	4e-06
5.446332e-06	3.42384	4e-06
5.457797e-06	3.42382	4e-06
5.469314e-06	3.4238	4e-06
5.480875e-06	3.42378	4e-06
5.492487e-06	3.42376	4e-06
5.504150e-06	3.42374	4e-06
5.515860e-06	3.42372	4e-06
5.527619e-06	3.4237	4e-06
5.539433e-06	3.42368	4e-06
5.551293e-06	3.42366	4e-06
5.563205e-06	3.42364	4e-06
5.575171e-06	3.42362	4e-06
5.587185e-06	3.4236	4e-06
5.599255e-06	3.42358	4e-06
5.611373e-06	3.42356	4e-06
5.623544e-06	3.42354	4e-06
5.635771e-06	3.42352	4e-06
5.648048e-06	3.4235	4e-06
5.660380e-06	3.42348	4e-06
5.672768e-06	3.42346	4e-06
5.685206e-06	3.42344	4e-06
5.697701e-06	3.42342	4e-06
5.710253e-06	3.4234	4e-06
5.722857e-06	3.42338	4e-06
5.735517e-06	3.42336	4e-06
5.748236e-06	3.42334	4e-06
5.761009e-06	3.42332	4e-06
5.773839e-06	3.42331	4e-06
5.786729e-06	3.42329	4e-06
5.799674e-06	3.42327	4e-06
5.812676e-06	3.42325	4e-06
5.825741e-06	3.42323	4e-06
5.838860e-06	3.42321	4e-06
5.852043e-06	3.42319	5e-06
5.865282e-06	3.42317	5e-06
5.878581e-06	3.42315	5e-06
5.891943e-06	3.42313	5e-06
5.905363e-06	3.42311	5e-06
5.918845e-06	3.42309	5e-06
5.932391e-06	3.42308	5e-06
5.945996e-06	3.42306	5e-06
5.959664e-06	3.42304	5e-06
5.973398e-06	3.42302	5e-06
5.987192e-06	3.423	5e-06
6.001050e-06	3.42298	5e-06
6.014976e-06	3.42296	5e-06
6.028963e-06	3.42294	5e-06
6.043015e-06	3.42293	5e-06
6.057137e-06	3.42291	5e-06
6.071321e-06	3.42289	5e-06
6.085571e-06	3.42287	5e-06
6.099893e-06	3.42285	5e-06
6.114278e-06	3.42284	5e-06
6.128735e-06	3.42282	5e-06
6.143257e-06	3.4228	5e-06
6.157848e-06	3.42278	5e-06
6.172512e-06	3.42276	5e-06
6.187242e-06	3.42274	5e-06
6.202043e-06	3.42273	5e-06
6.216918e-06	3.42271	5e-06
6.231861e-06	3.42269	5e-06
6.246877e-06	3.42267	5e-06
6.261968e-06	3.42265	5e-06
6.277129e-06	3.42264	5e-06
6.292363e-06	3.42262	6e-06
6.307676e-06	3.4226	6e-06
6.323059e-06	3.42258	6e-06
6.338518e-06	3.42257	6e-06
6.354055e-06	3.42255	6e-06
6.369666e-06	3.42253	6e-06
6.385354e-06	3.42251	6e-06
6.401123e-06	3.4225	6e-06
6.416965e-06	3.42248	6e-06
6.432891e-06	3.42246	6e-06
6.448892e-06	3.42244	6e-06
6.464972e-06	3.42243	6e-06
6.481137e-06	3.42241	6e-06
6.497380e-06	3.42239	6e-06
6.513703e-06	3.42237	6e-06
6.530113e-06	3.42236	6e-06
6.546602e-06	3.42234	6e-06
6.563174e-06	3.42232	6e-06
6.579835e-06	3.42231	6e-06
6.596576e-06	3.42229	6e-06
6.613402e-06	3.42227	6e-06
6.630320e-06	3.42225	6e-06
6.647319e-06	3.42224	6e-06
6.664405e-06	3.42222	6e-06
6.681584e-06	3.4222	7e-06
6.698848e-06	3.42219	7e-06
6.716201e-06	3.42217	7e-06
6.733648e-06	3.42216	7e-06
6.751183e-06	3.42214	7e-06
6.768808e-06	3.42212	7e-06
6.786530e-06	3.42211	7e-06
6.804341e-06	3.42209	7e-06
6.822250e-06	3.42207	7e-06
6.840249e-06	3.42206	7e-06
6.858344e-06	3.42204	7e-06
6.876538e-06	3.42202	7e-06
6.894826e-06	3.42201	7e-06
6.913210e-06	3.42199	7e-06
6.931698e-06	3.42197	7e-06
6.950280e-06	3.42196	7e-06
6.968962e-06	3.42194	7e-06
6.987749e-06	3.42193	7e-06
7.006633e-06	3.42191	7e-06
7.025620e-06	3.42189	8e-06
7.044714e-06	3.42188	8e-06
7.063908e-06	3.42186	8e-06
7.083206e-06	3.42185	8e-06
7.102616e-06	3.42183	8e-06
7.122127e-06	3.42182	8e-06
7.141745e-06	3.4218	8e-06
7.161478e-06	3.42178	8e-06
7.181314e-06	3.42177	8e-06
7.201260e-06	3.42175	8e-06
7.221322e-06	3.42174	8e-06
7.241491e-06	3.42172	8e-06
7.261779e-06	3.42171	8e-06
7.282176e-06	3.42169	8e-06
7.302687e-06	3.42168	8e-06
7.323319e-06	3.42166	8e-06
7.344063e-06	3.42164	8e-06
7.364926e-06	3.42163	9e-06
7.385912e-06	3.42162	9e-06
7.407012e-06	3.4216	9e-06
7.428234e-06	3.42158	9e-06
7.449583e-06	3.42157	9e-06
7.471050e-06	3.42155	9e-06
7.492640e-06	3.42154	9e-06
7.514362e-06	3.42152	9e-06
7.536204e-06	3.42151	9e-06
7.558174e-06	3.4215	9e-06
7.580277e-06	3.42148	9e-06
7.602505e-06	3.42146	9e-06
7.624863e-06	3.42145	9e-06
7.647358e-06	3.42144	9e-06
7.669982e-06	3.42142	1e-05
7.692740e-06	3.42141	1e-05
7.715638e-06	3.42139	1e-05
7.738668e-06	3.42138	1e-05
7.761842e-06	3.42136	1e-05
7.785149e-06	3.42135	1e-05
7.808595e-06	3.42133	1e-05
7.832191e-06	3.42132	1e-05
7.855923e-06	3.4213	1e-05
7.879798e-06	3.42129	1e-05
7.903827e-06	3.42128	1e-05
7.927995e-06	3.42126	1e-05
7.952312e-06	3.42125	1.1e-05
7.976784e-06	3.42123	1.1e-05
8.001402e-06	3.42122	1.1e-05
8.026172e-06	3.42121	1.1e-05
8.051103e-06	3.42119	1.1e-05
8.076181e-06	3.42118	1.1e-05
8.101417e-06	3.42116	1.1e-05
8.126817e-06	3.42115	1.1e-05
8.152371e-06	3.42114	1.1e-05
8.178086e-06	3.42112	1.1e-05
8.203970e-06	3.42111	1.1e-05
8.230013e-06	3.4211	1.2e-05
8.256220e-06	3.42108	1.2e-05
8.282602e-06	3.42107	1.2e-05
8.309147e-06	3.42105	1.2e-05
8.335869e-06	3.42104	1.2e-05
8.362756e-06	3.42103	1.2e-05
8.389818e-06	3.42102	1.2e-05
8.417062e-06	3.421	1.2e-05
8.444476e-06	3.42099	1.2e-05
8.472071e-06	3.42097	1.2e-05
8.499852e-06	3.42096	1.3e-05
8.527810e-06	3.42095	1.3e-05
8.555952e-06	3.42094	1.3e-05
8.584288e-06	3.42092	1.3e-05
8.612804e-06	3.42091	1.3e-05
8.641511e-06	3.4209	1.3e-05
8.670417e-06	3.42088	1.3e-05
8.699511e-06	3.42087	1.3e-05
8.728799e-06	3.42086	1.4e-05
8.758293e-06	3.42084	1.4e-05
8.787980e-06	3.42083	1.4e-05
8.817868e-06	3.42082	1.4e-05
8.847968e-06	3.42081	1.4e-05
8.878266e-06	3.42079	1.4e-05
8.908773e-06	3.42078	1.4e-05
8.939499e-06	3.42077	1.4e-05
8.970428e-06	3.42076	1.5e-05
9.001580e-06	3.42074	1.5e-05
9.032942e-06	3.42073	1.5e-05
9.064524e-06	3.42072	1.5e-05
9.096334e-06	3.42071	1.5e-05
9.128360e-06	3.42069	1.5e-05
9.160613e-06	3.42068	1.5e-05
9.193103e-06	3.42067	1.5e-05
9.225816e-06	3.42066	1.6e-05
9.258761e-06	3.42064	1.6e-05
9.291953e-06	3.42063	1.6e-05
9.325375e-06	3.42062	1.6e-05
9.359036e-06	3.42061	1.6e-05
9.392952e-06	3.4206	1.6e-05
9.427106e-06	3.42058	1.7e-05
9.461508e-06	3.42057	1.7e-05
9.496171e-06	3.42056	1.7e-05
9.531080e-06	3.42055	1.7e-05
9.566247e-06	3.42054	1.7e-05
9.601684e-06	3.42053	1.7e-05
9.637374e-06	3.42051	1.8e-05
9.673341e-06	3.4205	1.8e-05
9.709567e-06	3.42049	1.8e-05
9.746066e-06	3.42048	1.8e-05
9.782850e-06	3.42047	1.8e-05
9.819903e-06	3.42046	1.8e-05
9.857238e-06	3.42044	1.9e-05
9.894867e-06	3.42043	1.9e-05
9.932775e-06	3.42042	1.9e-05
9.970974e-06	3.42041	1.9e-05
1.000948e-05	3.4204	1.9e-05
1.004827e-05	3.42039	1.9e-05
1.008737e-05	3.42037	2e-05
1.012678e-05	3.42036	2e-05
1.016649e-05	3.42035	2e-05
1.020651e-05	3.42034	2e-05
1.024686e-05	3.42033	2e-05
1.028752e-05	3.42032	2.1e-05
1.032850e-05	3.42031	2.1e-05
1.036982e-05	3.4203	2.1e-05
1.041146e-05	3.42029	2.1e-05
1.045345e-05	3.42028	2.2e-05
1.049577e-05	3.42027	2.2e-05
1.053843e-05	3.42025	2.2e-05
1.058145e-05	3.42024	2.2e-05
1.062481e-05	3.42023	2.2e-05
1.066853e-05	3.42022	2.3e-05
1.071262e-05	3.42021	2.3e-05
1.075707e-05	3.4202	2.3e-05
1.080189e-05	3.42019	2.3e-05
1.084709e-05	3.42018	2.4e-05
1.089266e-05	3.42017	2.4e-05
1.093862e-05	3.42016	2.4e-05
1.098498e-05	3.42015	2.4e-05
1.103172e-05	3.42014	2.5e-05
1.107886e-05	3.42013	2.5e-05
1.112642e-05	3.42012	2.5e-05
1.117437e-05	3.42011	2.5e-05
1.122274e-05	3.4201	2.6e-05
1.127154e-05	3.42009	2.6e-05
1.132076e-05	3.42008	2.6e-05
1.137041e-05	3.42007	2.7e-05
1.142051e-05	3.42006	2.7e-05
1.147103e-05	3.42005	2.7e-05
1.152202e-05	3.42004	2.7e-05
1.157346e-05	3.42003	2.8e-05
1.162535e-05	3.42002	2.8e-05
1.167773e-05	3.42001	2.8e-05
1.173056e-05	3.42	2.9e-05
1.178388e-05	3.41999	2.9e-05
1.183770e-05	3.41998	2.9e-05
1.189199e-05	3.41997	3e-05
1.194679e-05	3.41996	3e-05
1.200211e-05	3.41995	3e-05
1.205793e-05	3.41994	3.1e-05
1.211427e-05	3.41993	3.1e-05
1.217115e-05	3.41992	3.1e-05
1.222856e-05	3.41991	3.2e-05
1.228651e-05	3.4199	3.2e-05
1.234502e-05	3.41989	3.2e-05
1.240408e-05	3.41988	3.3e-05
1.246371e-05	3.41987	3.3e-05
1.252394e-05	3.41986	3.4e-05
1.258473e-05	3.41986	3.4e-05
1.264613e-05	3.41985	3.4e-05
1.270811e-05	3.41984	3.5e-05
1.277071e-05	3.41983	3.5e-05
1.283394e-05	3.41982	3.6e-05
1.289778e-05	3.41981	3.6e-05
1.296227e-05	3.4198	3.6e-05
1.302741e-05	3.41979	3.7e-05
1.309320e-05	3.41978	3.7e-05
1.315966e-05	3.41978	3.8e-05
1.322681e-05	3.41977	3.8e-05
1.329464e-05	3.41976	3.9e-05
1.336316e-05	3.41975	3.9e-05
1.343241e-05	3.41974	4e-05
1.350237e-05	3.41973	4e-05
1.357305e-05	3.41972	4.1e-05
1.364450e-05	3.41971	4.1e-05
1.371669e-05	3.4197	4.2e-05
1.378964e-05	3.4197	4.2e-05
1.386340e-05	3.41969	4.3e-05
1.393792e-05	3.41968	4.3e-05
1.401328e-05	3.41967	4.4e-05
1.408943e-05	3.41966	4.4e-05
1.416641e-05	3.41966	4.5e-05
1.424426e-05	3.41965	4.5e-05
1.432296e-05	3.41964	4.6e-05
1.440252e-05	3.41963	4.7e-05
1.448299e-05	3.41962	4.7e-05
1.456435e-05	3.41961	4.8e-05
1.464663e-05	3.41961	4.8e-05
1.472986e-05	3.4196	4.9e-05
1.481403e-05	3.41959	5e-05
1.489915e-05	3.41958	5e-05
1.498529e-05	3.41957	5.1e-05
1.507241e-05	3.41957	5.2e-05
1.516054e-05	3.41956	5.2e-05
1.524974e-05	3.41955	5.3e-05
1.533996e-05	3.41954	5.4e-05
1.543127e-05	3.41954	5.4e-05
1.552369e-05	3.41953	5.5e-05
1.561719e-05	3.41952	5.6e-05
1.571183e-05	3.41951	5.6e-05
1.580765e-05	3.41951	5.7e-05
1.590462e-05	3.4195	5.8e-05
1.600279e-05	3.41949	5.9e-05
1.610221e-05	3.41948	6e-05
1.620283e-05	3.41948	6e-05
1.630475e-05	3.41947	6.1e-05
1.640794e-05	3.41946	6.2e-05
1.651244e-05	3.41945	6.3e-05
1.661831e-05	3.41945	6.4e-05
1.672551e-05	3.41944	6.5e-05
1.683411e-05	3.41943	6.5e-05
1.694415e-05	3.41942	6.6e-05
1.705562e-05	3.41942	6.7e-05
1.716856e-05	3.41941	6.8e-05
1.728304e-05	3.4194	6.9e-05
1.739902e-05	3.4194	7e-05
1.751657e-05	3.41939	7.1e-05
1.763575e-05	3.41938	7.2e-05
1.775653e-05	3.41938	7.3e-05
1.787898e-05	3.41937	7.4e-05
1.800316e-05	3.41936	7.5e-05
1.812905e-05	3.41936	7.6e-05
1.825670e-05	3.41935	7.7e-05
1.838621e-05	3.41934	7.9e-05
1.851752e-05	3.41934	8e-05
1.865077e-05	3.41933	8.1e-05
1.878590e-05	3.41932	8.2e-05
1.892302e-05	3.41932	8.3e-05
1.906218e-05	3.41931	8.5e-05
1.920337e-05	3.4193	8.6e-05
1.934666e-05	3.4193	8.7e-05
1.949215e-05	3.41929	8.8e-05
1.963981e-05	3.41928	9e-05
1.978971e-05	3.41928	9.1e-05
1.994197e-05	3.41927	9.2e-05
2.009654e-05	3.41927	9.4e-05
2.025353e-05	3.41926	9.5e-05
2.041304e-05	3.41925	9.7e-05
2.057503e-05	3.41925	9.8e-05
2.073962e-05	3.41924	0.0001
2.090690e-05	3.41924	0.000101
2.107686e-05	3.41923	0.000103
2.124960e-05	3.41922	0.000104
2.142525e-05	3.41922	0.000106
2.160378e-05	3.41921	0.000108
2.178531e-05	3.41921	0.000109
2.196996e-05	3.4192	0.000111
2.215772e-05	3.4192	0.000113
2.234877e-05	3.41919	0.000115
2.254309e-05	3.41918	0.000116
2.274081e-05	3.41918	0.000118
2.294209e-05	3.41917	0.00012
2.314691e-05	3.41917	0.000122
2.335543e-05	3.41916	0.000124
2.356779e-05	3.41916	0.000126
2.378399e-05	3.41915	0.000128
2.400419e-05	3.41915	0.00013
2.422856e-05	3.41914	0.000132
2.445711e-05	3.41913	0.000135
2.469002e-05	3.41913	0.000137
2.492746e-05	3.41913	0.000139
2.516945e-05	3.41912	0.000141
2.541619e-05	3.41911	0.000144
2.566788e-05	3.41911	0.000146
2.592453e-05	3.4191	0.000149
2.618637e-05	3.4191	0.000151
2.645363e-05	3.41909	0.000154
2.672632e-05	3.41909	0.000156
2.700477e-05	3.41908	0.000159
2.728900e-05	3.41908	0.000162
2.757928e-05	3.41907	0.000165
2.787588e-05	3.41907	0.000168
2.817886e-05	3.41906	0.000171
2.848849e-05	3.41906	0.000174
2.880508e-05	3.41906	0.000177
2.912870e-05	3.41905	0.00018
2.945968e-05	3.41905	0.000183
2.979835e-05	3.41904	0.000187
3.014482e-05	3.41904	0.00019
3.049943e-05	3.41903	0.000193
3.086258e-05	3.41903	0.000197
3.123438e-05	3.41902	0.000201
3.161525e-05	3.41902	0.000204
3.200563e-05	3.41902	0.000208
3.240567e-05	3.41901	0.000212
3.281583e-05	3.41901	0.000216
3.323661e-05	3.419	0.00022
3.366822e-05	3.419	0.000225
3.411118e-05	3.41899	0.000229
3.456607e-05	3.41899	0.000234
3.503314e-05	3.41899	0.000238
3.551313e-05	3.41898	0.000243
3.600632e-05	3.41898	0.000248
3.651340e-05	3.41898	0.000253
3.703511e-05	3.41897	0.000258
3.757181e-05	3.41897	0.000263
3.812428e-05	3.41897	0.000269
3.869340e-05	3.41896	0.000274
3.927961e-05	3.41896	0.00028
3.988386e-05	3.41895	0.000286
