Wavelength(m)	n	k
# material: Al
# source: K. M. McPeak, S. V. Jayanti, S. J. P. Kress, S. Meyer, S. Iotti, A. Rossinelli, D. J. Norris. Plasmonic films can easily be better: Rules and recipes. ACS Photonics 2, 326-333 (2015)
# conditions: Thermally evaporated Al at 150 A/s, template stripped from Si wafer
# upstream: polyanskiy/refractiveindex.info-database@ff11b58 main/Al/nk/McPeak.yml
# type: tabulated nk
# range: 1.5000e-07 - 1.7000e-06 m
# converted: 2026-07-31 (wavelength um -> m)
1.500000e-07	0.0953908	1.28367
1.550000e-07	0.0955104	1.33739
1.600000e-07	0.0990392	1.40293
1.650000e-07	0.0986928	1.46617
1.700000e-07	0.10085	1.53257
1.750000e-07	0.106956	1.59654
1.800000e-07	0.0997157	1.65766
1.850000e-07	0.108316	1.73437
1.900000e-07	0.106568	1.79116
1.950000e-07	0.111513	1.85341
2.000000e-07	0.110803	1.90861
2.050000e-07	0.111587	1.96994
2.100000e-07	0.113656	2.02806
2.150000e-07	0.115928	2.09185
2.200000e-07	0.116173	2.152
2.250000e-07	0.119772	2.21304
2.300000e-07	0.124316	2.2749
2.350000e-07	0.129277	2.33677
2.400000e-07	0.133003	2.39551
2.450000e-07	0.139689	2.45736
2.500000e-07	0.141163	2.51522
2.550000e-07	0.148766	2.57378
2.600000e-07	0.150723	2.63321
2.650000e-07	0.161465	2.69343
2.700000e-07	0.164611	2.75004
2.750000e-07	0.172366	2.811
2.800000e-07	0.178635	2.86897
2.850000e-07	0.18587	2.92328
2.900000e-07	0.188953	2.98248
2.950000e-07	0.197315	3.04234
3.000000e-07	0.204992	3.10086
3.050000e-07	0.210097	3.15735
3.100000e-07	0.218817	3.21479
3.150000e-07	0.224455	3.26747
3.200000e-07	0.237666	3.32378
3.250000e-07	0.244649	3.37933
3.300000e-07	0.251893	3.43678
3.350000e-07	0.259392	3.49375
3.400000e-07	0.267482	3.55015
3.450000e-07	0.275201	3.60718
3.500000e-07	0.283498	3.66352
3.550000e-07	0.291774	3.71983
3.600000e-07	0.300126	3.77625
3.650000e-07	0.308578	3.83161
3.700000e-07	0.317598	3.8892
3.750000e-07	0.326926	3.946
3.800000e-07	0.335956	4.00261
3.850000e-07	0.345714	4.05827
3.900000e-07	0.354902	4.11424
3.950000e-07	0.364968	4.16968
4.000000e-07	0.375151	4.22643
4.050000e-07	0.385212	4.28128
4.100000e-07	0.396086	4.33681
4.150000e-07	0.407065	4.39144
4.200000e-07	0.417648	4.44741
4.250000e-07	0.429544	4.5035
4.300000e-07	0.440996	4.55911
4.350000e-07	0.452838	4.61368
4.400000e-07	0.464233	4.6691
4.450000e-07	0.47707	4.72404
4.500000e-07	0.48922	4.77832
4.550000e-07	0.501228	4.83283
4.600000e-07	0.514817	4.88795
4.650000e-07	0.528042	4.94326
4.700000e-07	0.539877	4.99735
4.750000e-07	0.554933	5.05133
4.800000e-07	0.568005	5.10594
4.850000e-07	0.582771	5.15923
4.900000e-07	0.596705	5.21287
4.950000e-07	0.610784	5.26593
5.000000e-07	0.625686	5.32048
5.050000e-07	0.640306	5.37485
5.100000e-07	0.65571	5.42816
5.150000e-07	0.672566	5.48155
5.200000e-07	0.688336	5.53596
5.250000e-07	0.704045	5.58799
5.300000e-07	0.720794	5.64177
5.350000e-07	0.737604	5.69377
5.400000e-07	0.754468	5.7465
5.450000e-07	0.77233	5.79901
5.500000e-07	0.789405	5.85194
5.550000e-07	0.808352	5.90529
5.600000e-07	0.829205	5.95824
5.650000e-07	0.848631	6.00909
5.700000e-07	0.867377	6.06023
5.750000e-07	0.887662	6.11269
5.800000e-07	0.90857	6.16518
5.850000e-07	0.928309	6.21561
5.900000e-07	0.948956	6.26742
5.950000e-07	0.97149	6.3171
6.000000e-07	0.992466	6.36899
6.050000e-07	1.01607	6.41735
6.100000e-07	1.03815	6.46682
6.150000e-07	1.06206	6.51705
6.200000e-07	1.08816	6.56659
6.250000e-07	1.11266	6.61476
6.300000e-07	1.13633	6.66313
6.350000e-07	1.16573	6.71081
6.400000e-07	1.19027	6.75942
6.450000e-07	1.21851	6.80711
6.500000e-07	1.24636	6.85233
6.550000e-07	1.2753	6.89836
6.600000e-07	1.30438	6.94236
6.650000e-07	1.33385	6.98764
6.700000e-07	1.36541	7.03195
6.750000e-07	1.39589	7.0711
6.800000e-07	1.42602	7.11629
6.850000e-07	1.45739	7.15765
6.900000e-07	1.49323	7.19748
6.950000e-07	1.52749	7.23604
7.000000e-07	1.55975	7.27391
7.050000e-07	1.59635	7.31138
7.100000e-07	1.63162	7.34576
7.150000e-07	1.6697	7.38037
7.200000e-07	1.70678	7.41425
7.250000e-07	1.74526	7.44674
7.300000e-07	1.7864	7.47537
7.350000e-07	1.82777	7.50285
7.400000e-07	1.87219	7.52835
7.450000e-07	1.9168	7.55216
7.500000e-07	1.95836	7.5714
7.550000e-07	2.00535	7.58521
7.600000e-07	2.05422	7.59946
7.650000e-07	2.09984	7.60509
7.700000e-07	2.14453	7.61216
7.750000e-07	2.18992	7.61057
7.800000e-07	2.2315	7.60385
7.850000e-07	2.27548	7.58939
7.900000e-07	2.31464	7.57222
7.950000e-07	2.35026	7.54789
8.000000e-07	2.37365	7.52258
8.050000e-07	2.39944	7.48654
8.100000e-07	2.4093	7.44948
8.150000e-07	2.4144	7.41076
8.200000e-07	2.41005	7.36935
8.250000e-07	2.39946	7.3256
8.300000e-07	2.37528	7.28841
8.350000e-07	2.3421	7.2531
8.400000e-07	2.30177	7.22573
8.450000e-07	2.25766	7.20437
8.500000e-07	2.2049	7.18809
8.550000e-07	2.14811	7.1777
8.600000e-07	2.09272	7.18133
8.650000e-07	2.03128	7.18464
8.700000e-07	1.97357	7.19889
8.750000e-07	1.91549	7.21825
8.800000e-07	1.855	7.24341
8.850000e-07	1.80256	7.27408
8.900000e-07	1.75012	7.30978
8.950000e-07	1.69467	7.3501
9.000000e-07	1.64716	7.39305
9.050000e-07	1.6024	7.43947
9.100000e-07	1.55719	7.48978
9.150000e-07	1.51684	7.54267
9.200000e-07	1.48355	7.59262
9.250000e-07	1.44723	7.64771
9.300000e-07	1.41521	7.70343
9.350000e-07	1.38543	7.75606
9.400000e-07	1.35559	7.81247
9.450000e-07	1.32588	7.8721
9.500000e-07	1.30216	7.92872
9.550000e-07	1.28029	7.98531
9.600000e-07	1.25977	8.04593
9.650000e-07	1.23822	8.10519
9.700000e-07	1.21819	8.16376
9.750000e-07	1.20107	8.22269
9.800000e-07	1.18229	8.27924
9.850000e-07	1.16763	8.33825
9.900000e-07	1.1537	8.39952
9.950000e-07	1.14091	8.45776
1.000000e-06	1.12664	8.5116
1.005000e-06	1.11468	8.57196
1.010000e-06	1.10296	8.62992
1.015000e-06	1.09358	8.68752
1.020000e-06	1.08728	8.74844
1.025000e-06	1.08145	8.80997
1.030000e-06	1.0714	8.86786
1.035000e-06	1.06154	8.92008
1.040000e-06	1.05549	8.97826
1.045000e-06	1.05181	9.03683
1.050000e-06	1.04345	9.08377
1.055000e-06	1.03648	9.14873
1.060000e-06	1.03313	9.20404
1.065000e-06	1.02748	9.26443
1.070000e-06	1.02559	9.31852
1.075000e-06	1.02442	9.37312
1.080000e-06	1.02024	9.42862
1.085000e-06	1.0153	9.47992
1.090000e-06	1.01438	9.53687
1.095000e-06	1.01189	9.59343
1.100000e-06	1.00991	9.64992
1.105000e-06	1.00845	9.70448
1.110000e-06	1.00534	9.75088
1.115000e-06	1.00382	9.806
1.120000e-06	1.00429	9.86015
1.125000e-06	1.00388	9.9175
1.130000e-06	1.00397	9.9684
1.135000e-06	1.00501	10.0238
1.140000e-06	1.00283	10.075
1.145000e-06	1.00394	10.1271
1.150000e-06	1.00532	10.1834
1.155000e-06	1.00375	10.2371
1.160000e-06	1.00882	10.2863
1.165000e-06	1.00793	10.3415
1.170000e-06	1.00836	10.3922
1.175000e-06	1.01269	10.442
1.180000e-06	1.01521	10.4934
1.185000e-06	1.01476	10.5518
1.190000e-06	1.01768	10.6055
1.195000e-06	1.01814	10.6582
1.200000e-06	1.02174	10.7058
1.205000e-06	1.02286	10.7581
1.210000e-06	1.02426	10.8078
1.215000e-06	1.02645	10.8593
1.220000e-06	1.02974	10.911
1.225000e-06	1.03505	10.9618
1.230000e-06	1.03867	11.0127
1.235000e-06	1.03998	11.0685
1.240000e-06	1.04339	11.1157
1.245000e-06	1.04666	11.1698
1.250000e-06	1.04991	11.2162
1.255000e-06	1.0513	11.2666
1.260000e-06	1.0565	11.3162
1.265000e-06	1.05719	11.3608
1.270000e-06	1.06149	11.4108
1.275000e-06	1.06638	11.4729
1.280000e-06	1.0705	11.5194
1.285000e-06	1.07308	11.5625
1.290000e-06	1.07809	11.6178
1.295000e-06	1.08126	11.6683
1.300000e-06	1.08668	11.7197
1.305000e-06	1.09091	11.7737
1.310000e-06	1.09423	11.8202
1.315000e-06	1.09711	11.8644
1.320000e-06	1.10443	11.9193
1.325000e-06	1.10814	11.9674
1.330000e-06	1.10928	12.0154
1.335000e-06	1.11249	12.0639
1.340000e-06	1.12399	12.1162
1.345000e-06	1.12923	12.1653
1.350000e-06	1.13298	12.2178
1.355000e-06	1.13557	12.267
1.430000e-06	1.20898	12.992
1.435000e-06	1.21577	13.0402
1.440000e-06	1.22236	13.0898
1.445000e-06	1.22564	13.1344
1.450000e-06	1.23235	13.1935
1.455000e-06	1.23505	13.2342
1.460000e-06	1.23989	13.2826
1.465000e-06	1.24567	13.3297
1.470000e-06	1.2559	13.3752
1.475000e-06	1.25242	13.4212
1.480000e-06	1.26515	13.4652
1.485000e-06	1.26479	13.5196
1.490000e-06	1.27502	13.5652
1.495000e-06	1.27769	13.6152
1.500000e-06	1.2857	13.6603
1.505000e-06	1.29015	13.7096
1.510000e-06	1.29681	13.7576
1.515000e-06	1.30406	13.8138
1.520000e-06	1.31392	13.8577
1.525000e-06	1.31628	13.9055
1.530000e-06	1.32529	13.9498
1.535000e-06	1.33257	13.9956
1.540000e-06	1.3381	14.0464
1.545000e-06	1.34232	14.0891
1.550000e-06	1.3474	14.1328
1.555000e-06	1.35429	14.1861
1.560000e-06	1.36163	14.23
1.565000e-06	1.36795	14.272
1.570000e-06	1.37488	14.3321
1.575000e-06	1.37495	14.3733
1.580000e-06	1.38566	14.4187
1.585000e-06	1.39043	14.4715
1.590000e-06	1.40017	14.5197
1.595000e-06	1.39786	14.5665
1.600000e-06	1.40098	14.6087
1.605000e-06	1.40293	14.6529
1.610000e-06	1.42141	14.7065
1.615000e-06	1.42474	14.7564
1.620000e-06	1.436	14.821
1.625000e-06	1.43936	14.8486
1.630000e-06	1.44609	14.8957
1.635000e-06	1.4479	14.9471
1.640000e-06	1.45644	14.9917
1.645000e-06	1.45887	15.0239
1.650000e-06	1.46992	15.0818
1.655000e-06	1.47818	15.1223
1.660000e-06	1.47498	15.1758
1.665000e-06	1.47784	15.2323
1.670000e-06	1.46229	15.2774
1.675000e-06	1.42578	15.3474
1.680000e-06	1.42734	15.3895
1.685000e-06	1.45491	15.4725
1.690000e-06	1.51418	15.4962
1.695000e-06	1.55567	15.5335
1.700000e-06	1.58402	15.5563
