Wavelength(m)	n	k
# material: Graphene
# source: M. A. El-Sayed, G. A. Ermolaev, K. V. Voronin, R. I. Romanov, G. I. Tselikov, D. I. Yakubovsky, N. V. Doroshina, A. B. Nemtsov, V. R. Solovey, A. A. Voronov, S. M. Novikov, A. A. Vyshnevyy, A. M. Markeev, A. V. Arsenin, V. S. Volkov. Optical constants of chemical vapor deposited graphene for photonic applications, Nanomaterials, 11, 1230 (2021) (Numerical data kindly provided by Georgy Ermolaev)
# conditions: Broadband optical constants of CVD graphene in the spectral range 240-1000 nm.
# upstream: polyanskiy/refractiveindex.info-database@ff11b58 main/C/nk/El-Sayed.yml
# type: tabulated nk
# range: 2.4000e-07 - 1.0000e-06 m
# converted: 2026-07-31 by tools/convert_refractiveindex_info.py (wavelength um -> m)
2.400000e-07	1.4805	2.3484
2.410000e-07	1.50855	2.3633
2.420000e-07	1.54042	2.37998
2.430000e-07	1.55011	2.39735
2.440000e-07	1.59149	2.41337
2.450000e-07	1.63224	2.42823
2.460000e-07	1.67234	2.44229
2.470000e-07	1.7118	2.45528
2.480000e-07	1.75062	2.46695
2.490000e-07	1.78881	2.47737
2.500000e-07	1.82636	2.48678
2.510000e-07	1.86328	2.49585
2.520000e-07	1.89956	2.50371
2.530000e-07	1.93521	2.51001
2.540000e-07	1.97023	2.51481
2.550000e-07	2.00462	2.51836
2.560000e-07	2.03838	2.52146
2.570000e-07	2.07151	2.52313
2.580000e-07	2.10402	2.52303
2.590000e-07	2.1359	2.52125
2.600000e-07	2.16716	2.5181
2.610000e-07	2.1978	2.51497
2.620000e-07	2.22782	2.50988
2.630000e-07	2.25722	2.50186
2.640000e-07	2.286	2.49079
2.650000e-07	2.31416	2.47702
2.660000e-07	2.34171	2.46072
2.670000e-07	2.36864	2.44266
2.680000e-07	2.39496	2.42378
2.690000e-07	2.42067	2.40491
2.700000e-07	2.44577	2.38668
2.710000e-07	2.47026	2.36845
2.720000e-07	2.49414	2.35021
2.730000e-07	2.51741	2.33198
2.740000e-07	2.54008	2.31375
2.750000e-07	2.56214	2.29552
2.760000e-07	2.63922	2.27865
2.770000e-07	2.66373	2.26082
2.780000e-07	2.68657	2.24063
2.790000e-07	2.70779	2.21751
2.800000e-07	2.72752	2.19148
2.810000e-07	2.74589	2.16234
2.820000e-07	2.76308	2.13201
2.830000e-07	2.7793	2.10204
2.840000e-07	2.79479	2.07353
2.850000e-07	2.8098	2.04706
2.860000e-07	2.82386	2.02117
2.870000e-07	2.83695	1.99654
2.880000e-07	2.8491	1.97336
2.890000e-07	2.86031	1.95151
2.900000e-07	2.8706	1.93066
2.910000e-07	2.87999	1.91049
2.920000e-07	2.8885	1.89138
2.930000e-07	2.89616	1.87334
2.940000e-07	2.90301	1.85621
2.950000e-07	2.90907	1.83969
2.960000e-07	2.91438	1.82364
2.970000e-07	2.91897	1.8083
2.980000e-07	2.92288	1.79368
2.990000e-07	2.92614	1.77964
3.000000e-07	2.92881	1.766
3.010000e-07	2.9309	1.75266
3.020000e-07	2.93247	1.73978
3.030000e-07	2.93354	1.72739
3.040000e-07	2.93416	1.7154
3.050000e-07	2.93435	1.7037
3.060000e-07	2.93416	1.69218
3.070000e-07	2.93361	1.681
3.080000e-07	2.93274	1.67018
3.090000e-07	2.93157	1.65966
3.100000e-07	2.93014	1.64938
3.110000e-07	2.92846	1.63922
3.120000e-07	2.92657	1.62934
3.130000e-07	2.92449	1.61974
3.140000e-07	2.92224	1.6104
3.150000e-07	2.91983	1.60125
3.160000e-07	2.9173	1.59221
3.170000e-07	2.91465	1.5834
3.180000e-07	2.9119	1.57484
3.190000e-07	2.90907	1.56651
3.200000e-07	2.90617	1.55835
3.210000e-07	2.90321	1.55029
3.220000e-07	2.90021	1.54242
3.230000e-07	2.89717	1.53479
3.240000e-07	2.8941	1.52736
3.250000e-07	2.89101	1.5201
3.260000e-07	2.88791	1.51292
3.270000e-07	2.88481	1.50593
3.280000e-07	2.8817	1.49914
3.290000e-07	2.8786	1.49256
3.300000e-07	2.87551	1.48612
3.310000e-07	2.87242	1.47975
3.320000e-07	2.86934	1.47356
3.330000e-07	2.86628	1.46757
3.340000e-07	2.86322	1.46175
3.350000e-07	2.86018	1.45608
3.360000e-07	2.85715	1.45048
3.370000e-07	2.85412	1.44503
3.380000e-07	2.85111	1.43977
3.390000e-07	2.84811	1.43468
3.400000e-07	2.84511	1.42972
3.410000e-07	2.84212	1.42482
3.420000e-07	2.83915	1.42007
3.430000e-07	2.83618	1.41549
3.440000e-07	2.83323	1.41107
3.450000e-07	2.83028	1.40676
3.460000e-07	2.82736	1.40252
3.470000e-07	2.82445	1.39841
3.480000e-07	2.82157	1.39447
3.490000e-07	2.81871	1.39066
3.500000e-07	2.81587	1.38696
3.510000e-07	2.81307	1.38332
3.520000e-07	2.8103	1.3798
3.530000e-07	2.80757	1.37643
3.540000e-07	2.80487	1.37319
3.550000e-07	2.80222	1.37005
3.560000e-07	2.79961	1.36696
3.570000e-07	2.79705	1.36399
3.580000e-07	2.79454	1.36115
3.590000e-07	2.79208	1.35843
3.600000e-07	2.78968	1.35579
3.610000e-07	2.78732	1.35321
3.620000e-07	2.78503	1.35073
3.630000e-07	2.78279	1.34837
3.640000e-07	2.78061	1.34612
3.650000e-07	2.77849	1.34395
3.660000e-07	2.77644	1.34183
3.670000e-07	2.77444	1.33981
3.680000e-07	2.77251	1.33789
3.690000e-07	2.77064	1.33607
3.700000e-07	2.76883	1.33433
3.710000e-07	2.76709	1.33263
3.720000e-07	2.7654	1.33101
3.730000e-07	2.76378	1.32949
3.740000e-07	2.76221	1.32806
3.750000e-07	2.7607	1.32671
3.760000e-07	2.75925	1.32538
3.770000e-07	2.75784	1.32414
3.780000e-07	2.75648	1.32299
3.790000e-07	2.75516	1.32191
3.800000e-07	2.75388	1.3209
3.810000e-07	2.75264	1.31992
3.820000e-07	2.75144	1.31901
3.830000e-07	2.75026	1.31819
3.840000e-07	2.74912	1.31744
3.850000e-07	2.74799	1.31674
3.860000e-07	2.7469	1.31607
3.870000e-07	2.74583	1.31547
3.880000e-07	2.74477	1.31494
3.890000e-07	2.74374	1.31448
3.900000e-07	2.74273	1.31406
3.910000e-07	2.74174	1.31368
3.920000e-07	2.74078	1.31335
3.930000e-07	2.73983	1.31309
3.940000e-07	2.73891	1.31289
3.950000e-07	2.73801	1.31274
3.960000e-07	2.73713	1.3126
3.970000e-07	2.73627	1.31252
3.980000e-07	2.73544	1.3125
3.990000e-07	2.73463	1.31253
4.000000e-07	2.73384	1.31261
4.010000e-07	2.73307	1.31271
4.020000e-07	2.73233	1.31285
4.030000e-07	2.7316	1.31305
4.040000e-07	2.7309	1.31329
4.050000e-07	2.73022	1.31358
4.060000e-07	2.72956	1.31388
4.070000e-07	2.72892	1.31423
4.080000e-07	2.72829	1.31462
4.090000e-07	2.72769	1.31505
4.100000e-07	2.7271	1.31552
4.110000e-07	2.72653	1.31601
4.120000e-07	2.72598	1.31653
4.130000e-07	2.72545	1.3171
4.140000e-07	2.72493	1.31771
4.150000e-07	2.72443	1.31834
4.160000e-07	2.72395	1.319
4.170000e-07	2.72349	1.31968
4.180000e-07	2.72304	1.32041
4.190000e-07	2.72261	1.32117
4.200000e-07	2.72219	1.32196
4.210000e-07	2.72179	1.32276
4.220000e-07	2.7214	1.32359
4.230000e-07	2.72103	1.32446
4.240000e-07	2.72067	1.32536
4.250000e-07	2.72033	1.32628
4.260000e-07	2.72	1.32721
4.270000e-07	2.71968	1.32817
4.280000e-07	2.71938	1.32917
4.290000e-07	2.71909	1.33019
4.300000e-07	2.71882	1.33123
4.310000e-07	2.71856	1.33229
4.320000e-07	2.71831	1.33337
4.330000e-07	2.71807	1.33447
4.340000e-07	2.71785	1.3356
4.350000e-07	2.71764	1.33675
4.360000e-07	2.71744	1.33791
4.370000e-07	2.71725	1.33909
4.380000e-07	2.71708	1.3403
4.390000e-07	2.71691	1.34153
4.400000e-07	2.71676	1.34277
4.410000e-07	2.71662	1.34402
4.420000e-07	2.71649	1.3453
4.430000e-07	2.71637	1.34659
4.440000e-07	2.71626	1.3479
4.450000e-07	2.71616	1.34923
4.460000e-07	2.71607	1.35057
4.470000e-07	2.71599	1.35193
4.480000e-07	2.71592	1.35331
4.490000e-07	2.71587	1.3547
4.500000e-07	2.71582	1.3561
4.510000e-07	2.71578	1.35756
4.520000e-07	2.71575	1.359
4.530000e-07	2.71573	1.36038
4.540000e-07	2.71571	1.36168
4.550000e-07	2.71571	1.3629
4.560000e-07	2.71572	1.36405
4.570000e-07	2.71573	1.36516
4.580000e-07	2.71576	1.36625
4.590000e-07	2.71579	1.36733
4.600000e-07	2.71583	1.36843
4.610000e-07	2.71588	1.36953
4.620000e-07	2.71593	1.37063
4.630000e-07	2.716	1.37173
4.640000e-07	2.71607	1.37283
4.650000e-07	2.71615	1.37393
4.660000e-07	2.71624	1.37503
4.670000e-07	2.71634	1.37614
4.680000e-07	2.71644	1.37724
4.690000e-07	2.71655	1.37834
4.700000e-07	2.71667	1.37944
4.710000e-07	2.7168	1.38054
4.720000e-07	2.71693	1.38164
4.730000e-07	2.71707	1.38274
4.740000e-07	2.71722	1.38384
4.750000e-07	2.71737	1.38494
4.760000e-07	2.71753	1.38604
4.770000e-07	2.7177	1.38715
4.780000e-07	2.71787	1.38825
4.790000e-07	2.71805	1.38935
4.800000e-07	2.71824	1.39045
4.810000e-07	2.71843	1.39155
4.820000e-07	2.71863	1.39265
4.830000e-07	2.71883	1.39375
4.840000e-07	2.71904	1.39485
4.850000e-07	2.71926	1.39595
4.860000e-07	2.71948	1.39705
4.870000e-07	2.71971	1.39816
4.880000e-07	2.71995	1.39926
4.890000e-07	2.72019	1.40036
4.900000e-07	2.72043	1.40146
4.910000e-07	2.72068	1.40256
4.920000e-07	2.72094	1.40366
4.930000e-07	2.7212	1.40476
4.940000e-07	2.72147	1.40586
4.950000e-07	2.72174	1.40696
4.960000e-07	2.72202	1.40806
4.970000e-07	2.7223	1.40917
4.980000e-07	2.72259	1.41027
4.990000e-07	2.72288	1.41137
5.000000e-07	2.72318	1.41247
5.010000e-07	2.72348	1.41357
5.020000e-07	2.72379	1.41467
5.030000e-07	2.7241	1.41577
5.040000e-07	2.72442	1.41687
5.050000e-07	2.72474	1.41797
5.060000e-07	2.72507	1.41907
5.070000e-07	2.72541	1.42018
5.080000e-07	2.72574	1.42128
5.090000e-07	2.72608	1.42238
5.100000e-07	2.72643	1.42348
5.110000e-07	2.72678	1.42458
5.120000e-07	2.72713	1.42569
5.130000e-07	2.72749	1.42679
5.140000e-07	2.72785	1.42789
5.150000e-07	2.72821	1.42899
5.160000e-07	2.72858	1.43009
5.170000e-07	2.72896	1.43119
5.180000e-07	2.72934	1.43229
5.190000e-07	2.72972	1.43339
5.200000e-07	2.7301	1.43449
5.210000e-07	2.73049	1.43559
5.220000e-07	2.73089	1.4367
5.230000e-07	2.73128	1.4378
5.240000e-07	2.73169	1.4389
5.250000e-07	2.73209	1.44
5.260000e-07	2.7325	1.4411
5.270000e-07	2.73291	1.4422
5.280000e-07	2.73333	1.4433
5.290000e-07	2.73375	1.4444
5.300000e-07	2.73417	1.4455
5.310000e-07	2.7346	1.4466
5.320000e-07	2.73503	1.44771
5.330000e-07	2.73546	1.44881
5.340000e-07	2.7359	1.44991
5.350000e-07	2.73634	1.45101
5.360000e-07	2.73678	1.45211
5.370000e-07	2.73723	1.45321
5.380000e-07	2.73768	1.45431
5.390000e-07	2.73813	1.45541
5.400000e-07	2.73858	1.45651
5.410000e-07	2.73904	1.45761
5.420000e-07	2.73951	1.45872
5.430000e-07	2.73997	1.45982
5.440000e-07	2.74044	1.46092
5.450000e-07	2.74091	1.46202
5.460000e-07	2.74139	1.46312
5.470000e-07	2.74187	1.46422
5.480000e-07	2.74235	1.46532
5.490000e-07	2.74283	1.46642
5.500000e-07	2.74332	1.46752
5.510000e-07	2.74381	1.46862
5.520000e-07	2.7443	1.46973
5.530000e-07	2.7448	1.47083
5.540000e-07	2.74529	1.47193
5.550000e-07	2.74579	1.47303
5.560000e-07	2.7463	1.47413
5.570000e-07	2.7468	1.47523
5.580000e-07	2.74731	1.47633
5.590000e-07	2.74782	1.47743
5.600000e-07	2.74834	1.47853
5.610000e-07	2.74885	1.47963
5.620000e-07	2.74937	1.48074
5.630000e-07	2.7499	1.48184
5.640000e-07	2.75042	1.48294
5.650000e-07	2.75095	1.48404
5.660000e-07	2.75148	1.48514
5.670000e-07	2.75201	1.48625
5.680000e-07	2.75254	1.48735
5.690000e-07	2.75308	1.48845
5.700000e-07	2.75362	1.48955
5.710000e-07	2.75416	1.49065
5.720000e-07	2.7547	1.49175
5.730000e-07	2.75525	1.49285
5.740000e-07	2.7558	1.49395
5.750000e-07	2.75635	1.49505
5.760000e-07	2.7569	1.49615
5.770000e-07	2.75746	1.49726
5.780000e-07	2.75801	1.49836
5.790000e-07	2.75857	1.49946
5.800000e-07	2.75913	1.50056
5.810000e-07	2.7597	1.50166
5.820000e-07	2.76026	1.50276
5.830000e-07	2.76083	1.50386
5.840000e-07	2.7614	1.50496
5.850000e-07	2.76197	1.50606
5.860000e-07	2.76255	1.50716
5.870000e-07	2.76312	1.50827
5.880000e-07	2.7637	1.50937
5.890000e-07	2.76428	1.51047
5.900000e-07	2.76486	1.51157
5.910000e-07	2.76545	1.51267
5.920000e-07	2.76603	1.51377
5.930000e-07	2.76662	1.51487
5.940000e-07	2.76721	1.51597
5.950000e-07	2.7678	1.51707
5.960000e-07	2.7684	1.51817
5.970000e-07	2.76899	1.51928
5.980000e-07	2.76959	1.52038
5.990000e-07	2.77019	1.52148
6.000000e-07	2.77079	1.52258
6.010000e-07	2.7714	1.52368
6.020000e-07	2.772	1.52478
6.030000e-07	2.77261	1.52588
6.040000e-07	2.77322	1.52698
6.050000e-07	2.77383	1.52808
6.060000e-07	2.77444	1.52918
6.070000e-07	2.77505	1.53029
6.080000e-07	2.77567	1.53139
6.090000e-07	2.77628	1.53249
6.100000e-07	2.7769	1.53359
6.110000e-07	2.77752	1.53469
6.120000e-07	2.77815	1.53579
6.130000e-07	2.77877	1.53689
6.140000e-07	2.7794	1.53799
6.150000e-07	2.78002	1.53909
6.160000e-07	2.78065	1.54019
6.170000e-07	2.78128	1.5413
6.180000e-07	2.78192	1.5424
6.190000e-07	2.78255	1.5435
6.200000e-07	2.78319	1.5446
6.210000e-07	2.78382	1.5457
6.220000e-07	2.78446	1.54681
6.230000e-07	2.7851	1.54791
6.240000e-07	2.78574	1.54901
6.250000e-07	2.78639	1.55011
6.260000e-07	2.78703	1.55121
6.270000e-07	2.78768	1.55231
6.280000e-07	2.78832	1.55341
6.290000e-07	2.78897	1.55451
6.300000e-07	2.78962	1.55561
6.310000e-07	2.79027	1.55671
6.320000e-07	2.79093	1.55782
6.330000e-07	2.79158	1.55892
6.340000e-07	2.79224	1.56002
6.350000e-07	2.79289	1.56112
6.360000e-07	2.79355	1.56222
6.370000e-07	2.79421	1.56332
6.380000e-07	2.79487	1.56442
6.390000e-07	2.79554	1.56552
6.400000e-07	2.7962	1.56662
6.410000e-07	2.79687	1.56772
6.420000e-07	2.79753	1.56883
6.430000e-07	2.7982	1.56993
6.440000e-07	2.79887	1.57103
6.450000e-07	2.79954	1.57213
6.460000e-07	2.80021	1.57323
6.470000e-07	2.80088	1.57433
6.480000e-07	2.80156	1.57543
6.490000e-07	2.80223	1.57653
6.500000e-07	2.80291	1.57763
6.510000e-07	2.80359	1.57873
6.520000e-07	2.80427	1.57984
6.530000e-07	2.80495	1.58094
6.540000e-07	2.80563	1.58204
6.550000e-07	2.80631	1.58314
6.560000e-07	2.807	1.58424
6.570000e-07	2.80768	1.58534
6.580000e-07	2.80837	1.58644
6.590000e-07	2.80906	1.58754
6.600000e-07	2.80975	1.58864
6.610000e-07	2.81044	1.58974
6.620000e-07	2.81113	1.59085
6.630000e-07	2.81182	1.59195
6.640000e-07	2.81252	1.59305
6.650000e-07	2.81321	1.59415
6.660000e-07	2.81391	1.59525
6.670000e-07	2.8146	1.59635
6.680000e-07	2.8153	1.59745
6.690000e-07	2.816	1.59855
6.700000e-07	2.8167	1.59965
6.710000e-07	2.8174	1.60075
6.720000e-07	2.8181	1.60186
6.730000e-07	2.81881	1.60296
6.740000e-07	2.81951	1.60406
6.750000e-07	2.82022	1.60516
6.760000e-07	2.82092	1.60626
6.770000e-07	2.82163	1.60737
6.780000e-07	2.82234	1.60847
6.790000e-07	2.82305	1.60957
6.800000e-07	2.82376	1.61067
6.810000e-07	2.82447	1.61177
6.820000e-07	2.82518	1.61287
6.830000e-07	2.8259	1.61397
6.840000e-07	2.82661	1.61507
6.850000e-07	2.82733	1.61617
6.860000e-07	2.82804	1.61727
6.870000e-07	2.82876	1.61838
6.880000e-07	2.82948	1.61948
6.890000e-07	2.8302	1.62058
6.900000e-07	2.83092	1.62168
6.910000e-07	2.83164	1.62278
6.920000e-07	2.83236	1.62388
6.930000e-07	2.83308	1.62498
6.940000e-07	2.83381	1.62608
6.950000e-07	2.83453	1.62718
6.960000e-07	2.83526	1.62828
6.970000e-07	2.83598	1.62939
6.980000e-07	2.83671	1.63049
6.990000e-07	2.83744	1.63159
7.000000e-07	2.83817	1.63269
7.010000e-07	2.8389	1.63379
7.020000e-07	2.83963	1.63489
7.030000e-07	2.84036	1.63599
7.040000e-07	2.8411	1.63709
7.050000e-07	2.84183	1.63819
7.060000e-07	2.84257	1.63929
7.070000e-07	2.8433	1.6404
7.080000e-07	2.84404	1.6415
7.090000e-07	2.84478	1.6426
7.100000e-07	2.84551	1.6437
7.110000e-07	2.84625	1.6448
7.120000e-07	2.84699	1.6459
7.130000e-07	2.84773	1.647
7.140000e-07	2.84848	1.6481
7.150000e-07	2.84922	1.6492
7.160000e-07	2.84996	1.6503
7.170000e-07	2.8507	1.65141
7.180000e-07	2.85145	1.65251
7.190000e-07	2.85219	1.65361
7.200000e-07	2.85294	1.65471
7.210000e-07	2.85369	1.65581
7.220000e-07	2.85443	1.65691
7.230000e-07	2.85518	1.65801
7.240000e-07	2.85593	1.65911
7.250000e-07	2.85668	1.66021
7.260000e-07	2.85743	1.66131
7.270000e-07	2.85818	1.66242
7.280000e-07	2.85893	1.66352
7.290000e-07	2.85968	1.66462
7.300000e-07	2.86044	1.66572
7.310000e-07	2.86119	1.66682
7.320000e-07	2.86195	1.66793
7.330000e-07	2.8627	1.66903
7.340000e-07	2.86346	1.67013
7.350000e-07	2.86422	1.67123
7.360000e-07	2.86497	1.67233
7.370000e-07	2.86573	1.67343
7.380000e-07	2.86649	1.67453
7.390000e-07	2.86725	1.67563
7.400000e-07	2.86801	1.67673
7.410000e-07	2.86877	1.67783
7.420000e-07	2.86954	1.67894
7.430000e-07	2.8703	1.68004
7.440000e-07	2.87106	1.68114
7.450000e-07	2.87183	1.68224
7.460000e-07	2.87259	1.68334
7.470000e-07	2.87336	1.68444
7.480000e-07	2.87412	1.68554
7.490000e-07	2.87489	1.68664
7.500000e-07	2.87566	1.68774
7.510000e-07	2.87642	1.68884
7.520000e-07	2.87719	1.68995
7.530000e-07	2.87796	1.69105
7.540000e-07	2.87873	1.69215
7.550000e-07	2.8795	1.69325
7.560000e-07	2.88027	1.69435
7.570000e-07	2.88104	1.69545
7.580000e-07	2.88181	1.69655
7.590000e-07	2.88258	1.69765
7.600000e-07	2.88336	1.69875
7.610000e-07	2.88413	1.69985
7.620000e-07	2.88491	1.70096
7.630000e-07	2.88568	1.70206
7.640000e-07	2.88646	1.70316
7.650000e-07	2.88724	1.70426
7.660000e-07	2.88801	1.70536
7.670000e-07	2.88879	1.70646
7.680000e-07	2.88957	1.70756
7.690000e-07	2.89035	1.70866
7.700000e-07	2.89113	1.70976
7.710000e-07	2.89191	1.71086
7.720000e-07	2.89269	1.71197
7.730000e-07	2.89347	1.71307
7.740000e-07	2.89425	1.71417
7.750000e-07	2.89503	1.71527
7.760000e-07	2.89582	1.71637
7.770000e-07	2.8966	1.71748
7.780000e-07	2.89738	1.71858
7.790000e-07	2.89817	1.71968
7.800000e-07	2.89895	1.72078
7.810000e-07	2.89974	1.72188
7.820000e-07	2.90052	1.72298
7.830000e-07	2.90131	1.72408
7.840000e-07	2.9021	1.72518
7.850000e-07	2.90289	1.72628
7.860000e-07	2.90367	1.72738
7.870000e-07	2.90446	1.72849
7.880000e-07	2.90525	1.72959
7.890000e-07	2.90604	1.73069
7.900000e-07	2.90683	1.73179
7.910000e-07	2.90762	1.73289
7.920000e-07	2.90841	1.73399
7.930000e-07	2.9092	1.73509
7.940000e-07	2.90999	1.73619
7.950000e-07	2.91078	1.73729
7.960000e-07	2.91158	1.73839
7.970000e-07	2.91237	1.7395
7.980000e-07	2.91316	1.7406
7.990000e-07	2.91396	1.7417
8.000000e-07	2.91475	1.7428
8.010000e-07	2.91555	1.7439
8.020000e-07	2.91634	1.745
8.030000e-07	2.91714	1.7461
8.040000e-07	2.91793	1.7472
8.050000e-07	2.91873	1.7483
8.060000e-07	2.91953	1.7494
8.070000e-07	2.92032	1.75051
8.080000e-07	2.92112	1.75161
8.090000e-07	2.92192	1.75271
8.100000e-07	2.92272	1.75381
8.110000e-07	2.92352	1.75491
8.120000e-07	2.92432	1.75601
8.130000e-07	2.92512	1.75711
8.140000e-07	2.92592	1.75821
8.150000e-07	2.92672	1.75931
8.160000e-07	2.92753	1.76041
8.170000e-07	2.92833	1.76152
8.180000e-07	2.92913	1.76262
8.190000e-07	2.92993	1.76372
8.200000e-07	2.93074	1.76482
8.210000e-07	2.93154	1.76592
8.220000e-07	2.93235	1.76702
8.230000e-07	2.93315	1.76812
8.240000e-07	2.93396	1.76922
8.250000e-07	2.93476	1.77032
8.260000e-07	2.93557	1.77142
8.270000e-07	2.93637	1.77253
8.280000e-07	2.93718	1.77363
8.290000e-07	2.93799	1.77473
8.300000e-07	2.9388	1.77583
8.310000e-07	2.9396	1.77693
8.320000e-07	2.94041	1.77804
8.330000e-07	2.94122	1.77914
8.340000e-07	2.94203	1.78024
8.350000e-07	2.94284	1.78134
8.360000e-07	2.94365	1.78244
8.370000e-07	2.94446	1.78354
8.380000e-07	2.94527	1.78464
8.390000e-07	2.94608	1.78574
8.400000e-07	2.94689	1.78684
8.410000e-07	2.94771	1.78794
8.420000e-07	2.94852	1.78905
8.430000e-07	2.94933	1.79015
8.440000e-07	2.95014	1.79125
8.450000e-07	2.95096	1.79235
8.460000e-07	2.95177	1.79345
8.470000e-07	2.95258	1.79455
8.480000e-07	2.9534	1.79565
8.490000e-07	2.95421	1.79675
8.500000e-07	2.95503	1.79785
8.510000e-07	2.95584	1.79895
8.520000e-07	2.95666	1.80006
8.530000e-07	2.95747	1.80116
8.540000e-07	2.95829	1.80226
8.550000e-07	2.95911	1.80336
8.560000e-07	2.95992	1.80446
8.570000e-07	2.96074	1.80556
8.580000e-07	2.96156	1.80666
8.590000e-07	2.96238	1.80776
8.600000e-07	2.96319	1.80886
8.610000e-07	2.96401	1.80996
8.620000e-07	2.96483	1.81107
8.630000e-07	2.96565	1.81217
8.640000e-07	2.96647	1.81327
8.650000e-07	2.96729	1.81437
8.660000e-07	2.96811	1.81547
8.670000e-07	2.96894	1.81657
8.680000e-07	2.96976	1.81767
8.690000e-07	2.97058	1.81877
8.700000e-07	2.9714	1.81987
8.710000e-07	2.97222	1.82097
8.720000e-07	2.97304	1.82208
8.730000e-07	2.97386	1.82318
8.740000e-07	2.97469	1.82428
8.750000e-07	2.97551	1.82538
8.760000e-07	2.97633	1.82648
8.770000e-07	2.97716	1.82758
8.780000e-07	2.97798	1.82868
8.790000e-07	2.97881	1.82978
8.800000e-07	2.97963	1.83088
8.810000e-07	2.98046	1.83198
8.820000e-07	2.98128	1.83309
8.830000e-07	2.98211	1.83419
8.840000e-07	2.98294	1.83529
8.850000e-07	2.98376	1.83639
8.860000e-07	2.98459	1.83749
8.870000e-07	2.98541	1.8386
8.880000e-07	2.98624	1.8397
8.890000e-07	2.98707	1.8408
8.900000e-07	2.9879	1.8419
8.910000e-07	2.98872	1.843
8.920000e-07	2.98955	1.8441
8.930000e-07	2.99038	1.8452
8.940000e-07	2.99121	1.8463
8.950000e-07	2.99204	1.8474
8.960000e-07	2.99286	1.8485
8.970000e-07	2.99369	1.84961
8.980000e-07	2.99452	1.85071
8.990000e-07	2.99535	1.85181
9.000000e-07	2.99618	1.85291
9.010000e-07	2.99701	1.85401
9.020000e-07	2.99784	1.85511
9.030000e-07	2.99867	1.85621
9.040000e-07	2.9995	1.85731
9.050000e-07	3.00033	1.85841
9.060000e-07	3.00117	1.85951
9.070000e-07	3.002	1.86062
9.080000e-07	3.00283	1.86172
9.090000e-07	3.00366	1.86282
9.100000e-07	3.00449	1.86392
9.110000e-07	3.00533	1.86502
9.120000e-07	3.00616	1.86612
9.130000e-07	3.00699	1.86722
9.140000e-07	3.00783	1.86832
9.150000e-07	3.00866	1.86942
9.160000e-07	3.00949	1.87052
9.170000e-07	3.01033	1.87163
9.180000e-07	3.01116	1.87273
9.190000e-07	3.012	1.87383
9.200000e-07	3.01283	1.87493
9.210000e-07	3.01367	1.87603
9.220000e-07	3.0145	1.87713
9.230000e-07	3.01534	1.87823
9.240000e-07	3.01618	1.87933
9.250000e-07	3.01701	1.88043
9.260000e-07	3.01785	1.88153
9.270000e-07	3.01868	1.88264
9.280000e-07	3.01952	1.88374
9.290000e-07	3.02035	1.88484
9.300000e-07	3.02119	1.88594
9.310000e-07	3.02203	1.88704
9.320000e-07	3.02287	1.88814
9.330000e-07	3.0237	1.88924
9.340000e-07	3.02454	1.89034
9.350000e-07	3.02538	1.89144
9.360000e-07	3.02622	1.89254
9.370000e-07	3.02706	1.89365
9.380000e-07	3.0279	1.89475
9.390000e-07	3.02874	1.89585
9.400000e-07	3.02957	1.89695
9.410000e-07	3.03041	1.89805
9.420000e-07	3.03125	1.89916
9.430000e-07	3.03209	1.90026
9.440000e-07	3.03293	1.90136
9.450000e-07	3.03377	1.90246
9.460000e-07	3.03461	1.90356
9.470000e-07	3.03545	1.90466
9.480000e-07	3.03629	1.90576
9.490000e-07	3.03713	1.90686
9.500000e-07	3.03797	1.90796
9.510000e-07	3.03882	1.90906
9.520000e-07	3.03966	1.91017
9.530000e-07	3.0405	1.91127
9.540000e-07	3.04134	1.91237
9.550000e-07	3.04218	1.91347
9.560000e-07	3.04303	1.91457
9.570000e-07	3.04387	1.91567
9.580000e-07	3.04471	1.91677
9.590000e-07	3.04555	1.91787
9.600000e-07	3.04639	1.91897
9.610000e-07	3.04724	1.92007
9.620000e-07	3.04808	1.92118
9.630000e-07	3.04892	1.92228
9.640000e-07	3.04977	1.92338
9.650000e-07	3.05061	1.92448
9.660000e-07	3.05145	1.92558
9.670000e-07	3.0523	1.92668
9.680000e-07	3.05314	1.92778
9.690000e-07	3.05399	1.92888
9.700000e-07	3.05483	1.92999
9.710000e-07	3.05568	1.93109
9.720000e-07	3.05652	1.93219
9.730000e-07	3.05737	1.9333
9.740000e-07	3.05822	1.9344
9.750000e-07	3.05906	1.93551
9.760000e-07	3.05991	1.93661
9.770000e-07	3.06076	1.93772
9.780000e-07	3.0616	1.93882
9.790000e-07	3.06245	1.93993
9.800000e-07	3.0633	1.94103
9.810000e-07	3.06415	1.94214
9.820000e-07	3.06499	1.94324
9.830000e-07	3.06584	1.94435
9.840000e-07	3.06669	1.94545
9.850000e-07	3.06753	1.94656
9.860000e-07	3.06838	1.94766
9.870000e-07	3.06923	1.94877
9.880000e-07	3.07007	1.94987
9.890000e-07	3.07092	1.95098
9.900000e-07	3.07177	1.95208
9.910000e-07	3.07261	1.95319
9.920000e-07	3.07346	1.95429
9.930000e-07	3.07431	1.9554
9.940000e-07	3.07515	1.9565
9.950000e-07	3.076	1.95761
9.960000e-07	3.07685	1.95871
9.970000e-07	3.0777	1.95982
9.980000e-07	3.07854	1.96092
9.990000e-07	3.07939	1.96092
1.000000e-06	3.08024	1.96092
