Wavelength(m)	n	k
# material: Graphene
# source: B. Song, H. Gu, S. Zhu, H. Jiang, X. Chen, C. Zhang, S. Liu. Broadband optical properties of graphene and HOPG investigated by spectroscopic Mueller matrix ellipsometry. Appl. Surf. Sci 439, 1079-1087 (2018) (Numerical data kindly provided by Baokun Song)
# conditions: Mono-graphene fabricated by chemical vapor deposition (CVD).
# upstream: polyanskiy/refractiveindex.info-database@ff11b58 main/C/nk/Song.yml
# type: tabulated nk
# range: 1.9300e-07 - 1.6900e-06 m
# converted: 2026-07-31 (wavelength um -> m)
1.930000e-07	1.16834	2.03675
1.940000e-07	1.19134	2.04481
1.950000e-07	1.21331	2.04994
1.960000e-07	1.23397	2.05239
1.970000e-07	1.25307	2.05245
1.980000e-07	1.27039	2.05043
1.990000e-07	1.28573	2.04663
2.000000e-07	1.29894	2.0414
2.010000e-07	1.30991	2.03509
2.020000e-07	1.31857	2.02803
2.030000e-07	1.32489	2.02058
2.040000e-07	1.3289	2.01307
2.050000e-07	1.33065	2.00583
2.060000e-07	1.33025	1.99915
2.070000e-07	1.32781	1.99333
2.080000e-07	1.32351	1.98862
2.090000e-07	1.31753	1.98524
2.100000e-07	1.31008	1.98338
2.110000e-07	1.30137	1.9832
2.120000e-07	1.29164	1.98484
2.130000e-07	1.28113	1.98839
2.140000e-07	1.27006	1.9939
2.150000e-07	1.25869	2.00142
2.160000e-07	1.24723	2.01094
2.170000e-07	1.2359	2.02244
2.180000e-07	1.22491	2.03589
2.190000e-07	1.21446	2.05121
2.200000e-07	1.20471	2.06832
2.210000e-07	1.19582	2.08713
2.220000e-07	1.18794	2.10753
2.230000e-07	1.18119	2.12941
2.240000e-07	1.17567	2.15264
2.250000e-07	1.17147	2.17711
2.260000e-07	1.16867	2.2027
2.270000e-07	1.16733	2.22927
2.280000e-07	1.16749	2.25673
2.290000e-07	1.16919	2.28494
2.300000e-07	1.17247	2.31381
2.310000e-07	1.17734	2.34323
2.320000e-07	1.18381	2.3731
2.330000e-07	1.19191	2.40331
2.340000e-07	1.20164	2.43379
2.350000e-07	1.21299	2.46445
2.360000e-07	1.22598	2.49521
2.370000e-07	1.24061	2.52598
2.380000e-07	1.25688	2.55668
2.390000e-07	1.27479	2.58724
2.400000e-07	1.29435	2.61759
2.410000e-07	1.31555	2.64765
2.420000e-07	1.33841	2.67733
2.430000e-07	1.36293	2.70656
2.440000e-07	1.38911	2.73525
2.450000e-07	1.41696	2.76332
2.460000e-07	1.44647	2.79067
2.470000e-07	1.47765	2.81721
2.480000e-07	1.51049	2.84282
2.490000e-07	1.54499	2.86739
2.500000e-07	1.58112	2.89081
2.510000e-07	1.61887	2.91295
2.520000e-07	1.6582	2.93367
2.530000e-07	1.69906	2.95283
2.540000e-07	1.74139	2.97029
2.550000e-07	1.78511	2.9859
2.560000e-07	1.83012	2.99949
2.570000e-07	1.8763	3.01093
2.580000e-07	1.92352	3.02007
2.590000e-07	1.9716	3.02677
2.600000e-07	2.02036	3.0309
2.610000e-07	2.06958	3.03236
2.620000e-07	2.11903	3.03107
2.630000e-07	2.16846	3.02696
2.640000e-07	2.21759	3.02002
2.650000e-07	2.26617	3.01024
2.660000e-07	2.3139	2.99769
2.670000e-07	2.36052	2.98244
2.680000e-07	2.40575	2.96462
2.690000e-07	2.44936	2.9444
2.700000e-07	2.49112	2.92196
2.710000e-07	2.53084	2.89753
2.720000e-07	2.56837	2.87136
2.730000e-07	2.60358	2.84371
2.740000e-07	2.63641	2.81485
2.750000e-07	2.66681	2.78505
2.760000e-07	2.69478	2.75457
2.770000e-07	2.72036	2.72366
2.780000e-07	2.7436	2.69257
2.790000e-07	2.7646	2.6615
2.800000e-07	2.78347	2.63065
2.810000e-07	2.80034	2.60019
2.820000e-07	2.81534	2.57025
2.830000e-07	2.82863	2.54097
2.840000e-07	2.84034	2.51242
2.850000e-07	2.85063	2.48469
2.860000e-07	2.85964	2.45781
2.870000e-07	2.86751	2.43183
2.880000e-07	2.87438	2.40677
2.890000e-07	2.88035	2.38262
2.900000e-07	2.88556	2.35937
2.910000e-07	2.8901	2.33702
2.920000e-07	2.89406	2.31554
2.930000e-07	2.89754	2.29489
2.940000e-07	2.9006	2.27504
2.950000e-07	2.90332	2.25596
2.960000e-07	2.90575	2.23761
2.970000e-07	2.90794	2.21994
2.980000e-07	2.90994	2.20291
2.990000e-07	2.91179	2.1865
3.000000e-07	2.91352	2.17065
3.010000e-07	2.91515	2.15532
3.020000e-07	2.91671	2.14049
3.030000e-07	2.91822	2.12612
3.040000e-07	2.91968	2.11217
3.050000e-07	2.92112	2.09861
3.060000e-07	2.92254	2.08542
3.070000e-07	2.92395	2.07256
3.080000e-07	2.92536	2.06002
3.090000e-07	2.92676	2.04776
3.100000e-07	2.92816	2.03577
3.110000e-07	2.92956	2.02403
3.120000e-07	2.93096	2.01251
3.130000e-07	2.93235	2.00121
3.140000e-07	2.93374	1.9901
3.150000e-07	2.93513	1.97917
3.160000e-07	2.9365	1.96842
3.170000e-07	2.93786	1.95782
3.180000e-07	2.9392	1.94737
3.190000e-07	2.94053	1.93705
3.200000e-07	2.94183	1.92687
3.210000e-07	2.94311	1.91681
3.220000e-07	2.94435	1.90687
3.230000e-07	2.94556	1.89704
3.240000e-07	2.94674	1.88732
3.250000e-07	2.94787	1.8777
3.260000e-07	2.94896	1.86817
3.270000e-07	2.95	1.85874
3.280000e-07	2.951	1.8494
3.290000e-07	2.95194	1.84015
3.300000e-07	2.95283	1.83099
3.310000e-07	2.95366	1.82191
3.320000e-07	2.95443	1.81291
3.330000e-07	2.95515	1.804
3.340000e-07	2.9558	1.79517
3.350000e-07	2.95638	1.78642
3.360000e-07	2.95691	1.77775
3.370000e-07	2.95736	1.76916
3.380000e-07	2.95775	1.76065
3.390000e-07	2.95807	1.75222
3.400000e-07	2.95832	1.74386
3.410000e-07	2.95851	1.73559
3.420000e-07	2.95862	1.7274
3.430000e-07	2.95867	1.71929
3.440000e-07	2.95864	1.71126
3.450000e-07	2.95855	1.70331
3.460000e-07	2.95838	1.69545
3.470000e-07	2.95815	1.68767
3.480000e-07	2.95785	1.67997
3.490000e-07	2.95748	1.67235
3.500000e-07	2.95704	1.66482
3.510000e-07	2.95654	1.65737
3.520000e-07	2.95597	1.65001
3.530000e-07	2.95533	1.64273
3.540000e-07	2.95463	1.63554
3.550000e-07	2.95387	1.62843
3.560000e-07	2.95304	1.62142
3.570000e-07	2.95216	1.61449
3.580000e-07	2.95121	1.60765
3.590000e-07	2.9502	1.60089
3.600000e-07	2.94914	1.59423
3.610000e-07	2.94802	1.58766
3.620000e-07	2.94685	1.58117
3.630000e-07	2.94562	1.57477
3.640000e-07	2.94434	1.56847
3.650000e-07	2.94301	1.56225
3.660000e-07	2.94163	1.55613
3.670000e-07	2.9402	1.55009
3.680000e-07	2.93873	1.54415
3.690000e-07	2.93721	1.53829
3.700000e-07	2.93565	1.53253
3.710000e-07	2.93404	1.52685
3.720000e-07	2.9324	1.52127
3.730000e-07	2.93072	1.51578
3.740000e-07	2.92899	1.51037
3.750000e-07	2.92724	1.50506
3.760000e-07	2.92545	1.49983
3.770000e-07	2.92362	1.4947
3.780000e-07	2.92177	1.48965
3.790000e-07	2.91988	1.4847
3.800000e-07	2.91797	1.47983
3.810000e-07	2.91603	1.47505
3.820000e-07	2.91406	1.47035
3.830000e-07	2.91207	1.46575
3.840000e-07	2.91006	1.46123
3.850000e-07	2.90803	1.45679
3.860000e-07	2.90597	1.45244
3.870000e-07	2.9039	1.44818
3.880000e-07	2.90181	1.444
3.890000e-07	2.8997	1.43991
3.900000e-07	2.89758	1.43589
3.910000e-07	2.89545	1.43196
3.920000e-07	2.8933	1.42812
3.930000e-07	2.89115	1.42435
3.940000e-07	2.88898	1.42067
3.950000e-07	2.88681	1.41706
3.960000e-07	2.88463	1.41353
3.970000e-07	2.88244	1.41008
3.980000e-07	2.88024	1.40671
3.990000e-07	2.87805	1.40342
4.000000e-07	2.87585	1.4002
4.010000e-07	2.87364	1.39705
4.020000e-07	2.87144	1.39398
4.030000e-07	2.86924	1.39099
4.040000e-07	2.86704	1.38806
4.050000e-07	2.86484	1.38521
4.060000e-07	2.86264	1.38243
4.070000e-07	2.86045	1.37972
4.080000e-07	2.85826	1.37708
4.090000e-07	2.85608	1.3745
4.100000e-07	2.8539	1.372
4.110000e-07	2.85173	1.36956
4.120000e-07	2.84957	1.36718
4.130000e-07	2.84741	1.36487
4.140000e-07	2.84527	1.36262
4.150000e-07	2.84314	1.36044
4.160000e-07	2.84102	1.35832
4.170000e-07	2.8389	1.35626
4.180000e-07	2.8368	1.35425
4.190000e-07	2.83472	1.35231
4.200000e-07	2.83264	1.35043
4.210000e-07	2.83058	1.3486
4.220000e-07	2.82854	1.34684
4.230000e-07	2.8265	1.34512
4.240000e-07	2.82449	1.34346
4.250000e-07	2.82249	1.34186
4.260000e-07	2.8205	1.3403
4.270000e-07	2.81853	1.3388
4.280000e-07	2.81658	1.33735
4.290000e-07	2.81465	1.33595
4.300000e-07	2.81273	1.3346
4.310000e-07	2.81083	1.3333
4.320000e-07	2.80895	1.33205
4.330000e-07	2.80709	1.33084
4.340000e-07	2.80525	1.32968
4.350000e-07	2.80343	1.32856
4.360000e-07	2.80162	1.32749
4.370000e-07	2.79984	1.32647
4.380000e-07	2.79808	1.32548
4.390000e-07	2.79633	1.32454
4.400000e-07	2.79461	1.32363
4.410000e-07	2.79291	1.32277
4.420000e-07	2.79122	1.32195
4.430000e-07	2.78956	1.32116
4.440000e-07	2.78792	1.32042
4.450000e-07	2.78631	1.31971
4.460000e-07	2.78471	1.31903
4.470000e-07	2.78313	1.3184
4.480000e-07	2.78158	1.31779
4.490000e-07	2.78004	1.31723
4.500000e-07	2.77853	1.31669
4.510000e-07	2.77704	1.31619
4.520000e-07	2.77557	1.31572
4.530000e-07	2.77413	1.31528
4.540000e-07	2.7727	1.31487
4.550000e-07	2.7713	1.31449
4.560000e-07	2.76992	1.31414
4.570000e-07	2.76856	1.31382
4.580000e-07	2.76722	1.31353
4.590000e-07	2.76591	1.31326
4.600000e-07	2.76461	1.31303
4.610000e-07	2.76334	1.31281
4.620000e-07	2.76209	1.31262
4.630000e-07	2.76086	1.31246
4.640000e-07	2.75965	1.31233
4.650000e-07	2.75846	1.31221
4.660000e-07	2.7573	1.31212
4.670000e-07	2.75615	1.31205
4.680000e-07	2.75503	1.31201
4.690000e-07	2.75393	1.31198
4.700000e-07	2.75285	1.31198
4.710000e-07	2.75178	1.312
4.720000e-07	2.75075	1.31204
4.730000e-07	2.74973	1.31209
4.740000e-07	2.74873	1.31217
4.750000e-07	2.74775	1.31226
4.760000e-07	2.74679	1.31237
4.770000e-07	2.74585	1.3125
4.780000e-07	2.74493	1.31265
4.790000e-07	2.74403	1.31282
4.800000e-07	2.74315	1.31299
4.810000e-07	2.7423	1.31319
4.820000e-07	2.74146	1.3134
4.830000e-07	2.74063	1.31363
4.840000e-07	2.73983	1.31387
4.850000e-07	2.73905	1.31412
4.860000e-07	2.73828	1.31439
4.870000e-07	2.73754	1.31467
4.880000e-07	2.73681	1.31497
4.890000e-07	2.7361	1.31528
4.900000e-07	2.73541	1.3156
4.910000e-07	2.73473	1.31593
4.920000e-07	2.73408	1.31627
4.930000e-07	2.73344	1.31663
4.940000e-07	2.73282	1.31699
4.950000e-07	2.73221	1.31737
4.960000e-07	2.73162	1.31776
4.970000e-07	2.73105	1.31815
4.980000e-07	2.7305	1.31856
4.990000e-07	2.72996	1.31898
5.000000e-07	2.72944	1.3194
5.010000e-07	2.72893	1.31984
5.020000e-07	2.72844	1.32028
5.030000e-07	2.72797	1.32073
5.040000e-07	2.72751	1.32119
5.050000e-07	2.72706	1.32166
5.060000e-07	2.72663	1.32213
5.070000e-07	2.72622	1.32261
5.080000e-07	2.72582	1.3231
5.090000e-07	2.72544	1.3236
5.100000e-07	2.72506	1.3241
5.110000e-07	2.72471	1.32461
5.120000e-07	2.72437	1.32512
5.130000e-07	2.72404	1.32564
5.140000e-07	2.72372	1.32617
5.150000e-07	2.72342	1.3267
5.160000e-07	2.72313	1.32724
5.170000e-07	2.72285	1.32778
5.180000e-07	2.72259	1.32833
5.190000e-07	2.72234	1.32888
5.200000e-07	2.7221	1.32944
5.210000e-07	2.72188	1.33
5.220000e-07	2.72166	1.33057
5.230000e-07	2.72146	1.33114
5.240000e-07	2.72127	1.33171
5.250000e-07	2.72109	1.33229
5.260000e-07	2.72093	1.33287
5.270000e-07	2.72077	1.33346
5.280000e-07	2.72063	1.33405
5.290000e-07	2.72049	1.33464
5.300000e-07	2.72037	1.33523
5.310000e-07	2.72026	1.33583
5.320000e-07	2.72016	1.33643
5.330000e-07	2.72006	1.33704
5.340000e-07	2.71998	1.33764
5.350000e-07	2.71991	1.33825
5.360000e-07	2.71985	1.33887
5.370000e-07	2.71979	1.33948
5.380000e-07	2.71975	1.3401
5.390000e-07	2.71972	1.34072
5.400000e-07	2.7197	1.34134
5.410000e-07	2.71968	1.34196
5.420000e-07	2.71967	1.34258
5.430000e-07	2.71968	1.34321
5.440000e-07	2.71969	1.34384
5.450000e-07	2.7197	1.34447
5.460000e-07	2.71973	1.3451
5.470000e-07	2.71977	1.34573
5.480000e-07	2.71981	1.34637
5.490000e-07	2.71986	1.347
5.500000e-07	2.71992	1.34764
5.510000e-07	2.71999	1.34828
5.520000e-07	2.72006	1.34892
5.530000e-07	2.72014	1.34956
5.540000e-07	2.72023	1.3502
5.550000e-07	2.72033	1.35084
5.560000e-07	2.72043	1.35149
5.570000e-07	2.72054	1.35213
5.580000e-07	2.72065	1.35278
5.590000e-07	2.72078	1.35342
5.600000e-07	2.72091	1.35407
5.610000e-07	2.72104	1.35471
5.620000e-07	2.72118	1.35536
5.630000e-07	2.72133	1.35601
5.640000e-07	2.72148	1.35666
5.650000e-07	2.72164	1.35731
5.660000e-07	2.72181	1.35796
5.670000e-07	2.72198	1.35861
5.680000e-07	2.72215	1.35926
5.690000e-07	2.72233	1.35991
5.700000e-07	2.72252	1.36056
5.710000e-07	2.72271	1.36121
5.720000e-07	2.72291	1.36187
5.730000e-07	2.72311	1.36252
5.740000e-07	2.72332	1.36317
5.750000e-07	2.72353	1.36382
5.760000e-07	2.72374	1.36448
5.770000e-07	2.72396	1.36513
5.780000e-07	2.72419	1.36578
5.790000e-07	2.72442	1.36643
5.800000e-07	2.72465	1.36709
5.810000e-07	2.72489	1.36774
5.820000e-07	2.72513	1.36839
5.830000e-07	2.72538	1.36905
5.840000e-07	2.72563	1.3697
5.850000e-07	2.72588	1.37035
5.860000e-07	2.72614	1.37101
5.870000e-07	2.7264	1.37166
5.880000e-07	2.72666	1.37232
5.890000e-07	2.72693	1.37297
5.900000e-07	2.7272	1.37362
5.910000e-07	2.72748	1.37428
5.920000e-07	2.72776	1.37493
5.930000e-07	2.72804	1.37559
5.940000e-07	2.72832	1.37624
5.950000e-07	2.72861	1.37689
5.960000e-07	2.7289	1.37755
5.970000e-07	2.72919	1.3782
5.980000e-07	2.72949	1.37885
5.990000e-07	2.72979	1.37951
6.000000e-07	2.73009	1.38016
6.010000e-07	2.73039	1.38081
6.020000e-07	2.7307	1.38147
6.030000e-07	2.73101	1.38212
6.040000e-07	2.73132	1.38277
6.050000e-07	2.73163	1.38343
6.060000e-07	2.73195	1.38408
6.070000e-07	2.73227	1.38473
6.080000e-07	2.73259	1.38539
6.090000e-07	2.73291	1.38604
6.100000e-07	2.73324	1.38669
6.110000e-07	2.73356	1.38735
6.120000e-07	2.73389	1.388
6.130000e-07	2.73422	1.38865
6.140000e-07	2.73455	1.38931
6.150000e-07	2.73489	1.38996
6.160000e-07	2.73522	1.39061
6.170000e-07	2.73556	1.39126
6.180000e-07	2.7359	1.39192
6.190000e-07	2.73624	1.39257
6.200000e-07	2.73658	1.39322
6.210000e-07	2.73693	1.39388
6.220000e-07	2.73727	1.39453
6.230000e-07	2.73762	1.39518
6.240000e-07	2.73797	1.39584
6.250000e-07	2.73832	1.39649
6.260000e-07	2.73867	1.39715
6.270000e-07	2.73902	1.3978
6.280000e-07	2.73937	1.39845
6.290000e-07	2.73972	1.39911
6.300000e-07	2.74008	1.39976
6.310000e-07	2.74043	1.40042
6.320000e-07	2.74079	1.40107
6.330000e-07	2.74115	1.40173
6.340000e-07	2.74151	1.40238
6.350000e-07	2.74187	1.40304
6.360000e-07	2.74223	1.40369
6.370000e-07	2.74259	1.40435
6.380000e-07	2.74295	1.40501
6.390000e-07	2.74331	1.40566
6.400000e-07	2.74368	1.40632
6.410000e-07	2.74404	1.40698
6.420000e-07	2.74441	1.40763
6.430000e-07	2.74477	1.40829
6.440000e-07	2.74514	1.40895
6.450000e-07	2.74551	1.40961
6.460000e-07	2.74587	1.41027
6.470000e-07	2.74624	1.41092
6.480000e-07	2.74661	1.41158
6.490000e-07	2.74698	1.41224
6.500000e-07	2.74735	1.4129
6.510000e-07	2.74772	1.41356
6.520000e-07	2.74809	1.41422
6.530000e-07	2.74846	1.41489
6.540000e-07	2.74883	1.41555
6.550000e-07	2.7492	1.41621
6.560000e-07	2.74957	1.41687
6.570000e-07	2.74994	1.41754
6.580000e-07	2.75031	1.4182
6.590000e-07	2.75068	1.41886
6.600000e-07	2.75106	1.41953
6.610000e-07	2.75143	1.42019
6.620000e-07	2.7518	1.42086
6.630000e-07	2.75217	1.42153
6.640000e-07	2.75255	1.42219
6.650000e-07	2.75292	1.42286
6.660000e-07	2.75329	1.42353
6.670000e-07	2.75366	1.4242
6.680000e-07	2.75404	1.42487
6.690000e-07	2.75441	1.42554
6.700000e-07	2.75478	1.42621
6.710000e-07	2.75516	1.42688
6.720000e-07	2.75553	1.42755
6.730000e-07	2.7559	1.42822
6.740000e-07	2.75627	1.4289
6.750000e-07	2.75665	1.42957
6.760000e-07	2.75702	1.43025
6.770000e-07	2.75739	1.43092
6.780000e-07	2.75776	1.4316
6.790000e-07	2.75813	1.43228
6.800000e-07	2.75851	1.43295
6.810000e-07	2.75888	1.43363
6.820000e-07	2.75925	1.43431
6.830000e-07	2.75962	1.43499
6.840000e-07	2.75999	1.43568
6.850000e-07	2.76036	1.43636
6.860000e-07	2.76073	1.43704
6.870000e-07	2.7611	1.43772
6.880000e-07	2.76147	1.43841
6.890000e-07	2.76184	1.4391
6.900000e-07	2.76221	1.43978
6.910000e-07	2.76258	1.44047
6.920000e-07	2.76295	1.44116
6.930000e-07	2.76332	1.44185
6.940000e-07	2.76369	1.44254
6.950000e-07	2.76406	1.44323
6.960000e-07	2.76443	1.44392
6.970000e-07	2.76479	1.44461
6.980000e-07	2.76516	1.44531
6.990000e-07	2.76553	1.446
7.000000e-07	2.76589	1.4467
7.010000e-07	2.76626	1.4474
7.020000e-07	2.76662	1.4481
7.030000e-07	2.76699	1.4488
7.040000e-07	2.76736	1.4495
7.050000e-07	2.76772	1.4502
7.060000e-07	2.76809	1.4509
7.070000e-07	2.76845	1.45161
7.080000e-07	2.76881	1.45231
7.090000e-07	2.76918	1.45302
7.100000e-07	2.76954	1.45372
7.110000e-07	2.7699	1.45443
7.120000e-07	2.77026	1.45514
7.130000e-07	2.77062	1.45585
7.140000e-07	2.77099	1.45656
7.150000e-07	2.77135	1.45728
7.160000e-07	2.77171	1.45799
7.170000e-07	2.77207	1.45871
7.180000e-07	2.77243	1.45942
7.190000e-07	2.77278	1.46014
7.200000e-07	2.77314	1.46086
7.210000e-07	2.7735	1.46158
7.220000e-07	2.77386	1.4623
7.230000e-07	2.77422	1.46303
7.240000e-07	2.77457	1.46375
7.250000e-07	2.77493	1.46447
7.260000e-07	2.77528	1.4652
7.270000e-07	2.77564	1.46593
7.280000e-07	2.776	1.46666
7.290000e-07	2.77635	1.46739
7.300000e-07	2.77671	1.46812
7.310000e-07	2.77706	1.46885
7.320000e-07	2.77741	1.46959
7.330000e-07	2.77777	1.47032
7.340000e-07	2.77812	1.47106
7.350000e-07	2.77847	1.4718
7.360000e-07	2.77882	1.47254
7.370000e-07	2.77917	1.47328
7.380000e-07	2.77952	1.47402
7.390000e-07	2.77987	1.47477
7.400000e-07	2.78022	1.47551
7.410000e-07	2.78057	1.47626
7.420000e-07	2.78092	1.47701
7.430000e-07	2.78127	1.47776
7.440000e-07	2.78162	1.47851
7.450000e-07	2.78197	1.47926
7.460000e-07	2.78231	1.48001
7.470000e-07	2.78266	1.48077
7.480000e-07	2.78301	1.48153
7.490000e-07	2.78335	1.48229
7.500000e-07	2.7837	1.48304
7.510000e-07	2.78404	1.48381
7.520000e-07	2.78439	1.48457
7.530000e-07	2.78473	1.48533
7.540000e-07	2.78507	1.4861
7.550000e-07	2.78542	1.48686
7.560000e-07	2.78576	1.48763
7.570000e-07	2.7861	1.4884
7.580000e-07	2.78645	1.48917
7.590000e-07	2.78679	1.48995
7.600000e-07	2.78713	1.49072
7.610000e-07	2.78747	1.4915
7.620000e-07	2.78781	1.49228
7.630000e-07	2.78815	1.49306
7.640000e-07	2.78849	1.49384
7.650000e-07	2.78883	1.49462
7.660000e-07	2.78917	1.4954
7.670000e-07	2.78951	1.49619
7.680000e-07	2.78985	1.49697
7.690000e-07	2.79019	1.49776
7.700000e-07	2.79052	1.49855
7.710000e-07	2.79086	1.49934
7.720000e-07	2.7912	1.50014
7.730000e-07	2.79154	1.50093
7.740000e-07	2.79187	1.50173
7.750000e-07	2.79221	1.50253
7.760000e-07	2.79254	1.50333
7.770000e-07	2.79288	1.50413
7.780000e-07	2.79321	1.50493
7.790000e-07	2.79355	1.50573
7.800000e-07	2.79388	1.50654
7.810000e-07	2.79422	1.50735
7.820000e-07	2.79455	1.50816
7.830000e-07	2.79488	1.50897
7.840000e-07	2.79522	1.50978
7.850000e-07	2.79555	1.51059
7.860000e-07	2.79588	1.51141
7.870000e-07	2.79622	1.51223
7.880000e-07	2.79655	1.51304
7.890000e-07	2.79688	1.51387
7.900000e-07	2.79721	1.51469
7.910000e-07	2.79754	1.51551
7.920000e-07	2.79787	1.51634
7.930000e-07	2.79821	1.51716
7.940000e-07	2.79854	1.51799
7.950000e-07	2.79887	1.51882
7.960000e-07	2.7992	1.51965
7.970000e-07	2.79953	1.52049
7.980000e-07	2.79986	1.52132
7.990000e-07	2.80019	1.52216
8.000000e-07	2.80052	1.523
8.010000e-07	2.80084	1.52384
8.020000e-07	2.80117	1.52468
8.030000e-07	2.8015	1.52553
8.040000e-07	2.80183	1.52637
8.050000e-07	2.80216	1.52722
8.060000e-07	2.80249	1.52807
8.070000e-07	2.80282	1.52892
8.080000e-07	2.80314	1.52977
8.090000e-07	2.80347	1.53062
8.100000e-07	2.8038	1.53148
8.110000e-07	2.80413	1.53234
8.120000e-07	2.80445	1.5332
8.130000e-07	2.80478	1.53406
8.140000e-07	2.80511	1.53492
8.150000e-07	2.80544	1.53578
8.160000e-07	2.80576	1.53665
8.170000e-07	2.80609	1.53751
8.180000e-07	2.80642	1.53838
8.190000e-07	2.80674	1.53926
8.200000e-07	2.80707	1.54013
8.210000e-07	2.8074	1.541
8.220000e-07	2.80772	1.54188
8.230000e-07	2.80805	1.54275
8.240000e-07	2.80837	1.54363
8.250000e-07	2.8087	1.54451
8.260000e-07	2.80903	1.5454
8.270000e-07	2.80935	1.54628
8.280000e-07	2.80968	1.54717
8.290000e-07	2.81001	1.54805
8.300000e-07	2.81033	1.54894
8.310000e-07	2.81066	1.54984
8.320000e-07	2.81098	1.55073
8.330000e-07	2.81131	1.55162
8.340000e-07	2.81164	1.55252
8.350000e-07	2.81196	1.55342
8.360000e-07	2.81229	1.55432
8.370000e-07	2.81261	1.55522
8.380000e-07	2.81294	1.55612
8.390000e-07	2.81327	1.55703
8.400000e-07	2.81359	1.55793
8.410000e-07	2.81392	1.55884
8.420000e-07	2.81425	1.55975
8.430000e-07	2.81457	1.56066
8.440000e-07	2.8149	1.56157
8.450000e-07	2.81522	1.56249
8.460000e-07	2.81555	1.56341
8.470000e-07	2.81588	1.56432
8.480000e-07	2.8162	1.56524
8.490000e-07	2.81653	1.56617
8.500000e-07	2.81686	1.56709
8.510000e-07	2.81718	1.56801
8.520000e-07	2.81751	1.56894
8.530000e-07	2.81784	1.56987
8.540000e-07	2.81817	1.5708
8.550000e-07	2.81849	1.57173
8.560000e-07	2.81882	1.57267
8.570000e-07	2.81915	1.5736
8.580000e-07	2.81948	1.57454
8.590000e-07	2.81981	1.57548
8.600000e-07	2.82013	1.57642
8.610000e-07	2.82046	1.57736
8.620000e-07	2.82079	1.5783
8.630000e-07	2.82112	1.57925
8.640000e-07	2.82145	1.5802
8.650000e-07	2.82178	1.58115
8.660000e-07	2.82211	1.5821
8.670000e-07	2.82244	1.58305
8.680000e-07	2.82277	1.584
8.690000e-07	2.8231	1.58496
8.700000e-07	2.82343	1.58591
8.710000e-07	2.82376	1.58687
8.720000e-07	2.82409	1.58783
8.730000e-07	2.82442	1.58879
8.740000e-07	2.82475	1.58976
8.750000e-07	2.82508	1.59072
8.760000e-07	2.82541	1.59169
8.770000e-07	2.82574	1.59266
8.780000e-07	2.82608	1.59363
8.790000e-07	2.82641	1.5946
8.800000e-07	2.82674	1.59558
8.810000e-07	2.82708	1.59655
8.820000e-07	2.82741	1.59753
8.830000e-07	2.82774	1.59851
8.840000e-07	2.82808	1.59949
8.850000e-07	2.82841	1.60047
8.860000e-07	2.82875	1.60145
8.870000e-07	2.82908	1.60244
8.880000e-07	2.82942	1.60343
8.890000e-07	2.82975	1.60441
8.900000e-07	2.83009	1.6054
8.910000e-07	2.83042	1.6064
8.920000e-07	2.83076	1.60739
8.930000e-07	2.8311	1.60838
8.940000e-07	2.83144	1.60938
8.950000e-07	2.83177	1.61038
8.960000e-07	2.83211	1.61138
8.970000e-07	2.83245	1.61238
8.980000e-07	2.83279	1.61338
8.990000e-07	2.83313	1.61439
9.000000e-07	2.83347	1.61539
9.010000e-07	2.83381	1.6164
9.020000e-07	2.83415	1.61741
9.030000e-07	2.83449	1.61842
9.040000e-07	2.83483	1.61944
9.050000e-07	2.83518	1.62045
9.060000e-07	2.83552	1.62147
9.070000e-07	2.83586	1.62248
9.080000e-07	2.83621	1.6235
9.090000e-07	2.83655	1.62452
9.100000e-07	2.83689	1.62555
9.110000e-07	2.83724	1.62657
9.120000e-07	2.83758	1.62759
9.130000e-07	2.83793	1.62862
9.140000e-07	2.83828	1.62965
9.150000e-07	2.83862	1.63068
9.160000e-07	2.83897	1.63171
9.170000e-07	2.83932	1.63274
9.180000e-07	2.83967	1.63378
9.190000e-07	2.84002	1.63482
9.200000e-07	2.84036	1.63585
9.210000e-07	2.84071	1.63689
9.220000e-07	2.84106	1.63793
9.230000e-07	2.84142	1.63898
9.240000e-07	2.84177	1.64002
9.250000e-07	2.84212	1.64106
9.260000e-07	2.84247	1.64211
9.270000e-07	2.84282	1.64316
9.280000e-07	2.84318	1.64421
9.290000e-07	2.84353	1.64526
9.300000e-07	2.84389	1.64631
9.310000e-07	2.84424	1.64737
9.320000e-07	2.8446	1.64843
9.330000e-07	2.84496	1.64948
9.340000e-07	2.84531	1.65054
9.350000e-07	2.84567	1.6516
9.360000e-07	2.84603	1.65266
9.370000e-07	2.84639	1.65373
9.380000e-07	2.84675	1.65479
9.390000e-07	2.84711	1.65586
9.400000e-07	2.84747	1.65693
9.410000e-07	2.84783	1.658
9.420000e-07	2.84819	1.65907
9.430000e-07	2.84856	1.66014
9.440000e-07	2.84892	1.66121
9.450000e-07	2.84928	1.66229
9.460000e-07	2.84965	1.66336
9.470000e-07	2.85001	1.66444
9.480000e-07	2.85038	1.66552
9.490000e-07	2.85074	1.6666
9.500000e-07	2.85111	1.66769
9.510000e-07	2.85148	1.66877
9.520000e-07	2.85185	1.66985
9.530000e-07	2.85222	1.67094
9.540000e-07	2.85259	1.67203
9.550000e-07	2.85296	1.67312
9.560000e-07	2.85333	1.67421
9.570000e-07	2.8537	1.6753
9.580000e-07	2.85408	1.6764
9.590000e-07	2.85445	1.67749
9.600000e-07	2.85482	1.67859
9.610000e-07	2.8552	1.67968
9.620000e-07	2.85557	1.68078
9.630000e-07	2.85595	1.68188
9.640000e-07	2.85633	1.68299
9.650000e-07	2.85671	1.68409
9.660000e-07	2.85709	1.68519
9.670000e-07	2.85747	1.6863
9.680000e-07	2.85785	1.68741
9.690000e-07	2.85823	1.68852
9.700000e-07	2.85861	1.68963
9.710000e-07	2.85899	1.69074
9.720000e-07	2.85938	1.69185
9.730000e-07	2.85976	1.69296
9.740000e-07	2.86014	1.69408
9.750000e-07	2.86053	1.6952
9.760000e-07	2.86092	1.69631
9.770000e-07	2.8613	1.69743
9.780000e-07	2.86169	1.69856
9.790000e-07	2.86208	1.69968
9.800000e-07	2.86247	1.7008
9.810000e-07	2.86286	1.70192
9.820000e-07	2.86325	1.70305
9.830000e-07	2.86364	1.70418
9.840000e-07	2.86404	1.70531
9.850000e-07	2.86443	1.70644
9.860000e-07	2.86483	1.70757
9.870000e-07	2.86522	1.7087
9.880000e-07	2.86562	1.70983
9.890000e-07	2.86601	1.71097
9.900000e-07	2.86641	1.7121
9.910000e-07	2.86681	1.71324
9.920000e-07	2.86721	1.71438
9.930000e-07	2.86761	1.71552
9.940000e-07	2.86801	1.71666
9.950000e-07	2.86842	1.7178
9.960000e-07	2.86882	1.71895
9.970000e-07	2.86922	1.72009
9.980000e-07	2.86963	1.72124
9.990000e-07	2.87004	1.72239
1.000000e-06	2.87044	1.72353
1.002500e-06	2.87146	1.72641
1.005000e-06	2.87249	1.72929
1.007500e-06	2.87352	1.73219
1.010000e-06	2.87456	1.73508
1.012500e-06	2.8756	1.73799
1.015000e-06	2.87665	1.7409
1.017500e-06	2.87771	1.74382
1.020000e-06	2.87877	1.74675
1.022500e-06	2.87983	1.74968
1.025000e-06	2.88091	1.75263
1.027500e-06	2.88199	1.75558
1.030000e-06	2.88307	1.75853
1.032500e-06	2.88416	1.76149
1.035000e-06	2.88526	1.76446
1.037500e-06	2.88636	1.76743
1.040000e-06	2.88747	1.77042
1.042500e-06	2.88859	1.7734
1.045000e-06	2.88971	1.7764
1.047500e-06	2.89084	1.7794
1.050000e-06	2.89198	1.7824
1.052500e-06	2.89312	1.78541
1.055000e-06	2.89427	1.78843
1.057500e-06	2.89542	1.79146
1.060000e-06	2.89658	1.79449
1.062500e-06	2.89775	1.79752
1.065000e-06	2.89893	1.80056
1.067500e-06	2.90011	1.80361
1.070000e-06	2.9013	1.80666
1.072500e-06	2.90249	1.80972
1.075000e-06	2.90369	1.81279
1.077500e-06	2.9049	1.81585
1.080000e-06	2.90612	1.81893
1.082500e-06	2.90734	1.82201
1.085000e-06	2.90857	1.82509
1.087500e-06	2.90981	1.82818
1.090000e-06	2.91105	1.83128
1.092500e-06	2.9123	1.83438
1.095000e-06	2.91356	1.83748
1.097500e-06	2.91482	1.84059
1.100000e-06	2.91609	1.8437
1.102500e-06	2.91737	1.84682
1.105000e-06	2.91866	1.84994
1.107500e-06	2.91995	1.85307
1.110000e-06	2.92125	1.8562
1.112500e-06	2.92255	1.85934
1.115000e-06	2.92387	1.86248
1.117500e-06	2.92519	1.86562
1.120000e-06	2.92652	1.86877
1.122500e-06	2.92785	1.87193
1.125000e-06	2.92919	1.87508
1.127500e-06	2.93054	1.87824
1.130000e-06	2.9319	1.88141
1.132500e-06	2.93327	1.88457
1.135000e-06	2.93464	1.88775
1.137500e-06	2.93602	1.89092
1.140000e-06	2.9374	1.8941
1.142500e-06	2.9388	1.89728
1.145000e-06	2.9402	1.90047
1.147500e-06	2.94161	1.90366
1.150000e-06	2.94302	1.90685
1.152500e-06	2.94444	1.91004
1.155000e-06	2.94587	1.91324
1.157500e-06	2.94731	1.91644
1.160000e-06	2.94876	1.91965
1.162500e-06	2.95021	1.92285
1.165000e-06	2.95167	1.92607
1.167500e-06	2.95314	1.92928
1.170000e-06	2.95461	1.93249
1.172500e-06	2.95609	1.93571
1.175000e-06	2.95758	1.93893
1.177500e-06	2.95908	1.94216
1.180000e-06	2.96058	1.94538
1.182500e-06	2.9621	1.94861
1.185000e-06	2.96361	1.95184
1.187500e-06	2.96514	1.95508
1.190000e-06	2.96667	1.95831
1.192500e-06	2.96821	1.96155
1.195000e-06	2.96976	1.96479
1.197500e-06	2.97132	1.96803
1.200000e-06	2.97288	1.97127
1.202500e-06	2.97445	1.97452
1.205000e-06	2.97603	1.97776
1.207500e-06	2.97762	1.98101
1.210000e-06	2.97921	1.98426
1.212500e-06	2.98081	1.98752
1.215000e-06	2.98242	1.99077
1.217500e-06	2.98403	1.99403
1.220000e-06	2.98565	1.99728
1.222500e-06	2.98728	2.00054
1.225000e-06	2.98892	2.0038
1.227500e-06	2.99057	2.00706
1.230000e-06	2.99222	2.01032
1.232500e-06	2.99388	2.01359
1.235000e-06	2.99554	2.01685
1.237500e-06	2.99722	2.02012
1.240000e-06	2.9989	2.02338
1.242500e-06	3.00059	2.02665
1.245000e-06	3.00228	2.02992
1.247500e-06	3.00399	2.03319
1.250000e-06	3.0057	2.03646
1.252500e-06	3.00741	2.03973
1.255000e-06	3.00914	2.043
1.257500e-06	3.01087	2.04628
1.260000e-06	3.01261	2.04955
1.262500e-06	3.01436	2.05282
1.265000e-06	3.01611	2.0561
1.267500e-06	3.01787	2.05937
1.270000e-06	3.01964	2.06264
1.272500e-06	3.02141	2.06592
1.275000e-06	3.02319	2.0692
1.277500e-06	3.02498	2.07247
1.280000e-06	3.02678	2.07575
1.282500e-06	3.02858	2.07902
1.285000e-06	3.03039	2.0823
1.287500e-06	3.03221	2.08557
1.290000e-06	3.03404	2.08885
1.292500e-06	3.03587	2.09213
1.295000e-06	3.03771	2.0954
1.297500e-06	3.03955	2.09868
1.300000e-06	3.04141	2.10195
1.302500e-06	3.04326	2.10523
1.305000e-06	3.04513	2.1085
1.307500e-06	3.047	2.11178
1.310000e-06	3.04888	2.11505
1.312500e-06	3.05077	2.11833
1.315000e-06	3.05267	2.1216
1.317500e-06	3.05457	2.12487
1.320000e-06	3.05648	2.12815
1.322500e-06	3.05839	2.13142
1.325000e-06	3.06031	2.13469
1.327500e-06	3.06224	2.13796
1.330000e-06	3.06418	2.14123
1.332500e-06	3.06612	2.1445
1.335000e-06	3.06807	2.14777
1.337500e-06	3.07002	2.15103
1.340000e-06	3.07198	2.1543
1.342500e-06	3.07395	2.15757
1.345000e-06	3.07593	2.16083
1.347500e-06	3.07791	2.16409
1.350000e-06	3.0799	2.16736
1.352500e-06	3.08189	2.17062
1.355000e-06	3.0839	2.17388
1.357500e-06	3.0859	2.17714
1.360000e-06	3.08792	2.1804
1.362500e-06	3.08994	2.18365
1.365000e-06	3.09197	2.18691
1.367500e-06	3.094	2.19016
1.370000e-06	3.09604	2.19342
1.372500e-06	3.09809	2.19667
1.375000e-06	3.10014	2.19992
1.377500e-06	3.1022	2.20317
1.380000e-06	3.10427	2.20641
1.382500e-06	3.10634	2.20966
1.385000e-06	3.10842	2.2129
1.387500e-06	3.11051	2.21615
1.390000e-06	3.1126	2.21939
1.392500e-06	3.1147	2.22263
1.395000e-06	3.1168	2.22587
1.397500e-06	3.11891	2.2291
1.400000e-06	3.12103	2.23234
1.402500e-06	3.12315	2.23557
1.405000e-06	3.12528	2.2388
1.407500e-06	3.12741	2.24203
1.410000e-06	3.12955	2.24526
1.412500e-06	3.1317	2.24848
1.415000e-06	3.13385	2.2517
1.417500e-06	3.13601	2.25493
1.420000e-06	3.13818	2.25815
1.422500e-06	3.14035	2.26136
1.425000e-06	3.14253	2.26458
1.427500e-06	3.14471	2.26779
1.430000e-06	3.1469	2.271
1.432500e-06	3.14909	2.27421
1.435000e-06	3.15129	2.27742
1.437500e-06	3.1535	2.28063
1.440000e-06	3.15571	2.28383
1.442500e-06	3.15793	2.28703
1.445000e-06	3.16015	2.29023
1.447500e-06	3.16238	2.29342
1.450000e-06	3.16462	2.29662
1.452500e-06	3.16686	2.29981
1.455000e-06	3.1691	2.303
1.457500e-06	3.17136	2.30618
1.460000e-06	3.17361	2.30937
1.462500e-06	3.17588	2.31255
1.465000e-06	3.17815	2.31573
1.467500e-06	3.18042	2.31891
1.470000e-06	3.1827	2.32208
1.472500e-06	3.18498	2.32525
1.475000e-06	3.18728	2.32842
1.477500e-06	3.18957	2.33159
1.480000e-06	3.19187	2.33476
1.482500e-06	3.19418	2.33792
1.485000e-06	3.19649	2.34108
1.487500e-06	3.19881	2.34423
1.490000e-06	3.20113	2.34739
1.492500e-06	3.20346	2.35054
1.495000e-06	3.2058	2.35369
1.497500e-06	3.20813	2.35683
1.500000e-06	3.21048	2.35998
1.502500e-06	3.21283	2.36312
1.505000e-06	3.21518	2.36626
1.507500e-06	3.21754	2.36939
1.510000e-06	3.21991	2.37252
1.512500e-06	3.22228	2.37565
1.515000e-06	3.22465	2.37878
1.517500e-06	3.22703	2.3819
1.520000e-06	3.22942	2.38502
1.522500e-06	3.23181	2.38814
1.525000e-06	3.2342	2.39126
1.527500e-06	3.2366	2.39437
1.530000e-06	3.23901	2.39748
1.532500e-06	3.24142	2.40058
1.535000e-06	3.24383	2.40369
1.537500e-06	3.24625	2.40679
1.540000e-06	3.24868	2.40988
1.542500e-06	3.25111	2.41298
1.545000e-06	3.25354	2.41607
1.547500e-06	3.25598	2.41916
1.550000e-06	3.25842	2.42224
1.552500e-06	3.26087	2.42532
1.555000e-06	3.26333	2.4284
1.557500e-06	3.26578	2.43148
1.560000e-06	3.26824	2.43455
1.562500e-06	3.27071	2.43762
1.565000e-06	3.27318	2.44069
1.567500e-06	3.27566	2.44375
1.570000e-06	3.27814	2.44681
1.572500e-06	3.28063	2.44987
1.575000e-06	3.28312	2.45292
1.577500e-06	3.28561	2.45597
1.580000e-06	3.28811	2.45902
1.582500e-06	3.29061	2.46206
1.585000e-06	3.29312	2.4651
1.587500e-06	3.29563	2.46814
1.590000e-06	3.29815	2.47118
1.592500e-06	3.30067	2.47421
1.595000e-06	3.3032	2.47723
1.597500e-06	3.30573	2.48026
1.600000e-06	3.30826	2.48328
1.602500e-06	3.3108	2.4863
1.605000e-06	3.31334	2.48931
1.607500e-06	3.31589	2.49232
1.610000e-06	3.31844	2.49533
1.612500e-06	3.32099	2.49834
1.615000e-06	3.32355	2.50134
1.617500e-06	3.32612	2.50434
1.620000e-06	3.32869	2.50733
1.622500e-06	3.33126	2.51032
1.625000e-06	3.33383	2.51331
1.627500e-06	3.33641	2.51629
1.630000e-06	3.339	2.51927
1.632500e-06	3.34158	2.52225
1.635000e-06	3.34418	2.52522
1.637500e-06	3.34677	2.52819
1.640000e-06	3.34937	2.53116
1.642500e-06	3.35198	2.53412
1.645000e-06	3.35458	2.53708
1.647500e-06	3.35719	2.54004
1.650000e-06	3.35981	2.54299
1.652500e-06	3.36243	2.54594
1.655000e-06	3.36505	2.54889
1.657500e-06	3.36768	2.55183
1.660000e-06	3.37031	2.55477
1.662500e-06	3.37295	2.55771
1.665000e-06	3.37558	2.56064
1.667500e-06	3.37823	2.56357
1.670000e-06	3.38087	2.56649
1.672500e-06	3.38352	2.56941
1.675000e-06	3.38617	2.57233
1.677500e-06	3.38883	2.57524
1.680000e-06	3.39149	2.57816
1.682500e-06	3.39415	2.58106
1.685000e-06	3.39682	2.58397
1.687500e-06	3.39949	2.58687
1.690000e-06	3.40217	2.58976
