Wavelength(m)	n	k
# material: HfO2
# source: D. Franta, D. Necas, I. Ohlidal. Universal dispersion model for characterization of optical thin films over wide spectral range: Application to hafnia. Appl. Opt. 54, 9108-9119 (2015) (Numerical data kindly provided by Daniel Franta)
# conditions: Film HfO2; Deposited by e-beam evaporation on c-Si; 112.7 nm thick film with an amorphous (very fine polycrystalline) structure; Heterogenous data processing combining ellipsometric and spectrophotometric measurements; Room temperature.
# upstream: polyanskiy/refractiveindex.info-database@ff11b58 main/HfO2/nk/Franta.yml
# type: tabulated nk
# range: 1.1477e-07 - 1.2512e-04 m
# converted: 2026-07-31 by tools/convert_refractiveindex_info.py (wavelength um -> m)
1.147730e-07	1.82557	1.54494
1.151040e-07	1.83492	1.54071
1.154360e-07	1.84415	1.5364
1.157680e-07	1.85327	1.53201
1.161020e-07	1.86228	1.52755
1.164370e-07	1.87117	1.52302
1.167720e-07	1.87994	1.51842
1.171090e-07	1.8886	1.51375
1.174460e-07	1.89715	1.50903
1.177850e-07	1.90557	1.50425
1.181240e-07	1.91388	1.49941
1.184650e-07	1.92207	1.49452
1.188060e-07	1.93014	1.48958
1.191490e-07	1.93809	1.4846
1.194920e-07	1.94592	1.47957
1.198370e-07	1.95363	1.4745
1.201820e-07	1.96122	1.46939
1.205290e-07	1.96868	1.46426
1.208760e-07	1.97603	1.45909
1.212240e-07	1.98326	1.45389
1.215740e-07	1.99037	1.44867
1.219240e-07	1.99735	1.44343
1.222760e-07	2.00422	1.43816
1.226280e-07	2.01097	1.43289
1.229820e-07	2.0176	1.4276
1.233360e-07	2.02411	1.4223
1.236920e-07	2.0305	1.417
1.240480e-07	2.03677	1.41169
1.244060e-07	2.04293	1.40639
1.247640e-07	2.04897	1.40109
1.251240e-07	2.05489	1.39579
1.254840e-07	2.0607	1.3905
1.258460e-07	2.0664	1.38523
1.262090e-07	2.07198	1.37997
1.265730e-07	2.07746	1.37473
1.269370e-07	2.08282	1.36951
1.273030e-07	2.08807	1.36431
1.276700e-07	2.09322	1.35915
1.280380e-07	2.09825	1.35401
1.284070e-07	2.10319	1.34891
1.287770e-07	2.10802	1.34384
1.291490e-07	2.11274	1.33881
1.295210e-07	2.11737	1.33383
1.298940e-07	2.1219	1.32889
1.302690e-07	2.12633	1.324
1.306440e-07	2.13067	1.31916
1.310210e-07	2.13491	1.31437
1.313980e-07	2.13906	1.30964
1.317770e-07	2.14312	1.30497
1.321570e-07	2.1471	1.30036
1.325380e-07	2.15099	1.29582
1.329200e-07	2.1548	1.29134
1.333030e-07	2.15853	1.28694
1.336870e-07	2.16218	1.28261
1.340730e-07	2.16576	1.27836
1.344590e-07	2.16926	1.27418
1.348470e-07	2.1727	1.27009
1.352350e-07	2.17607	1.26608
1.356250e-07	2.17938	1.26216
1.360160e-07	2.18263	1.25834
1.364080e-07	2.18582	1.2546
1.368010e-07	2.18895	1.25096
1.371960e-07	2.19204	1.24742
1.375910e-07	2.19509	1.24397
1.379880e-07	2.19809	1.24064
1.383850e-07	2.20105	1.2374
1.387840e-07	2.20398	1.23428
1.391840e-07	2.20688	1.23126
1.395850e-07	2.20975	1.22836
1.399880e-07	2.2126	1.22557
1.403910e-07	2.21544	1.22291
1.407960e-07	2.21827	1.22036
1.412020e-07	2.22109	1.21793
1.416090e-07	2.2239	1.21562
1.420170e-07	2.22673	1.21345
1.424260e-07	2.22956	1.21139
1.428370e-07	2.23241	1.20947
1.432480e-07	2.23528	1.20768
1.436610e-07	2.23818	1.20602
1.440750e-07	2.24112	1.20449
1.444910e-07	2.24409	1.2031
1.449070e-07	2.24712	1.20184
1.453250e-07	2.2502	1.20072
1.457440e-07	2.25334	1.19974
1.461640e-07	2.25656	1.19889
1.465850e-07	2.25985	1.19818
1.470080e-07	2.26324	1.1976
1.474310e-07	2.26671	1.19716
1.478560e-07	2.2703	1.19686
1.482820e-07	2.27399	1.19669
1.487100e-07	2.27781	1.19665
1.491390e-07	2.28176	1.19674
1.495680e-07	2.28585	1.19696
1.500000e-07	2.29009	1.1973
1.504320e-07	2.2945	1.19776
1.508650e-07	2.29908	1.19835
1.513000e-07	2.30384	1.19904
1.517360e-07	2.30879	1.19984
1.521740e-07	2.31395	1.20075
1.526120e-07	2.31933	1.20175
1.530520e-07	2.32493	1.20284
1.534930e-07	2.33077	1.204
1.539360e-07	2.33687	1.20524
1.543800e-07	2.34322	1.20654
1.548250e-07	2.34984	1.20789
1.552710e-07	2.35675	1.20928
1.557180e-07	2.36395	1.2107
1.561670e-07	2.37146	1.21213
1.566170e-07	2.37928	1.21356
1.570690e-07	2.38743	1.21497
1.575220e-07	2.39591	1.21635
1.579760e-07	2.40473	1.21768
1.584310e-07	2.41391	1.21894
1.588880e-07	2.42345	1.2201
1.593460e-07	2.43335	1.22116
1.598050e-07	2.44362	1.22208
1.602650e-07	2.45427	1.22284
1.607270e-07	2.4653	1.22342
1.611910e-07	2.47671	1.22379
1.616550e-07	2.4885	1.22392
1.621210e-07	2.50067	1.22379
1.625890e-07	2.51322	1.22337
1.630570e-07	2.52613	1.22263
1.635270e-07	2.53941	1.22154
1.639980e-07	2.55304	1.22007
1.644710e-07	2.56701	1.21819
1.649450e-07	2.58131	1.21586
1.654210e-07	2.59591	1.21307
1.658980e-07	2.6108	1.20977
1.663760e-07	2.62596	1.20595
1.668550e-07	2.64135	1.20156
1.673360e-07	2.65696	1.19659
1.678190e-07	2.67275	1.19101
1.683020e-07	2.68868	1.1848
1.687870e-07	2.70472	1.17793
1.692740e-07	2.72083	1.17039
1.697620e-07	2.73697	1.16215
1.702510e-07	2.75309	1.15321
1.707420e-07	2.76916	1.14356
1.712340e-07	2.78512	1.1332
1.717280e-07	2.80092	1.1221
1.722220e-07	2.81653	1.1103
1.727190e-07	2.83188	1.09777
1.732170e-07	2.84693	1.08454
1.737160e-07	2.86164	1.07063
1.742170e-07	2.87595	1.05604
1.747190e-07	2.88983	1.04081
1.752230e-07	2.90322	1.02495
1.757280e-07	2.91608	1.0085
1.762340e-07	2.92838	0.991495
1.767420e-07	2.94009	0.973969
1.772510e-07	2.95116	0.955961
1.777620e-07	2.96157	0.937515
1.782750e-07	2.9713	0.918673
1.787890e-07	2.98033	0.899482
1.793040e-07	2.98863	0.879989
1.798210e-07	2.9962	0.860241
1.803390e-07	3.00303	0.840284
1.808590e-07	3.00912	0.820168
1.813800e-07	3.01446	0.799937
1.819030e-07	3.01906	0.779638
1.824270e-07	3.02293	0.759315
1.829530e-07	3.02607	0.739011
1.834800e-07	3.0285	0.718765
1.840090e-07	3.03024	0.698617
1.845400e-07	3.0313	0.678603
1.850720e-07	3.0317	0.658755
1.856050e-07	3.03148	0.639106
1.861400e-07	3.03064	0.619683
1.866770e-07	3.02922	0.600513
1.872150e-07	3.02724	0.581619
1.877540e-07	3.02473	0.56302
1.882950e-07	3.02172	0.544737
1.888380e-07	3.01823	0.526783
1.893830e-07	3.01428	0.509173
1.899280e-07	3.00991	0.491918
1.904760e-07	3.00515	0.475027
1.910250e-07	3.00001	0.458508
1.915750e-07	2.99453	0.442365
1.921280e-07	2.98872	0.426604
1.926810e-07	2.98262	0.411225
1.932370e-07	2.97624	0.39623
1.937940e-07	2.9696	0.381619
1.943520e-07	2.96273	0.367391
1.949130e-07	2.95565	0.353543
1.954740e-07	2.94838	0.340072
1.960380e-07	2.94093	0.326974
1.966030e-07	2.93332	0.314245
1.971700e-07	2.92556	0.301878
1.977380e-07	2.91768	0.28987
1.983080e-07	2.90969	0.278213
1.988790e-07	2.9016	0.266902
1.994530e-07	2.89342	0.25593
2.000280e-07	2.88516	0.245289
2.006040e-07	2.87684	0.234974
2.011820e-07	2.86846	0.224977
2.017620e-07	2.86004	0.215291
2.023440e-07	2.85158	0.205909
2.029270e-07	2.84309	0.196824
2.035120e-07	2.83459	0.188029
2.040990e-07	2.82607	0.179517
2.046870e-07	2.81754	0.171282
2.052770e-07	2.80901	0.163316
2.058680e-07	2.80049	0.155614
2.064620e-07	2.79198	0.148168
2.070570e-07	2.78348	0.140973
2.076540e-07	2.775	0.134022
2.082520e-07	2.76654	0.127309
2.088530e-07	2.75812	0.12083
2.094550e-07	2.74972	0.114577
2.100580e-07	2.74135	0.108546
2.106640e-07	2.73303	0.102732
2.112710e-07	2.72474	0.09713
2.118800e-07	2.7165	0.0917343
2.124910e-07	2.7083	0.0865408
2.131030e-07	2.70014	0.0815451
2.137170e-07	2.69204	0.0767427
2.143330e-07	2.68399	0.0721296
2.149510e-07	2.67599	0.0677019
2.155710e-07	2.66805	0.0634558
2.161920e-07	2.66016	0.0593877
2.168150e-07	2.65233	0.0554941
2.174400e-07	2.64456	0.0517718
2.180670e-07	2.63686	0.0482176
2.186960e-07	2.62921	0.0448285
2.193260e-07	2.62164	0.0416017
2.199580e-07	2.61413	0.0385344
2.205920e-07	2.60668	0.0356242
2.212280e-07	2.59931	0.0328685
2.218660e-07	2.59201	0.030265
2.225050e-07	2.58478	0.0278116
2.231460e-07	2.57763	0.0255061
2.237900e-07	2.57055	0.0233466
2.244350e-07	2.56356	0.0213312
2.250820e-07	2.55664	0.0194581
2.257300e-07	2.54981	0.0177258
2.263810e-07	2.54307	0.0161326
2.270330e-07	2.53641	0.0146771
2.276880e-07	2.52985	0.0133578
2.283440e-07	2.52339	0.0121736
2.290020e-07	2.51703	0.0111231
2.296620e-07	2.51077	0.0102053
2.303240e-07	2.50462	0.00941907
2.309880e-07	2.4986	0.00876342
2.316540e-07	2.4927	0.00823742
2.323220e-07	2.48694	0.00784021
2.329910e-07	2.48134	0.00757095
2.336630e-07	2.47593	0.00742328
2.343360e-07	2.47076	0.00730853
2.350120e-07	2.46575	0.00719632
2.356890e-07	2.46088	0.00708683
2.363690e-07	2.45613	0.00698025
2.370500e-07	2.4515	0.00687681
2.377330e-07	2.44698	0.00677671
2.384180e-07	2.44256	0.00668025
2.391060e-07	2.43823	0.0065877
2.397950e-07	2.43398	0.00649942
2.404860e-07	2.42982	0.00641577
2.411790e-07	2.42574	0.00633719
2.418740e-07	2.42173	0.00626412
2.425720e-07	2.4178	0.00619707
2.432710e-07	2.41393	0.00613659
2.439720e-07	2.41013	0.00608323
2.446750e-07	2.40639	0.00603761
2.453800e-07	2.40271	0.00600033
2.460880e-07	2.3991	0.00597205
2.467970e-07	2.39554	0.00595337
2.475080e-07	2.39204	0.00594493
2.482220e-07	2.38859	0.00594731
2.489370e-07	2.3852	0.00596106
2.496550e-07	2.38186	0.00598668
2.503740e-07	2.37858	0.00602458
2.510960e-07	2.37535	0.00607508
2.518200e-07	2.37217	0.00613838
2.525460e-07	2.36905	0.00621457
2.532740e-07	2.36597	0.00630356
2.540040e-07	2.36295	0.00640514
2.547360e-07	2.35999	0.00651889
2.554700e-07	2.35707	0.00664422
2.562060e-07	2.35421	0.00678037
2.569450e-07	2.35141	0.00692636
2.576850e-07	2.34866	0.00708103
2.584280e-07	2.34596	0.00724303
2.591730e-07	2.34332	0.00741084
2.599200e-07	2.34074	0.00758278
2.606690e-07	2.33821	0.00775703
2.614210e-07	2.33573	0.00793163
2.621740e-07	2.33331	0.00810455
2.629300e-07	2.33095	0.00827369
2.636880e-07	2.32863	0.00843693
2.644480e-07	2.32637	0.00859212
2.652100e-07	2.32415	0.00873718
2.659740e-07	2.32199	0.00887008
2.667410e-07	2.31987	0.00898893
2.675100e-07	2.3178	0.00909194
2.682810e-07	2.31577	0.00917751
2.690540e-07	2.31378	0.00924425
2.698300e-07	2.31182	0.00929096
2.706080e-07	2.3099	0.0093167
2.713880e-07	2.30802	0.00932078
2.721700e-07	2.30616	0.00930277
2.729540e-07	2.30433	0.00926251
2.737410e-07	2.30252	0.0092001
2.745300e-07	2.30074	0.00911592
2.753210e-07	2.29897	0.00901056
2.761150e-07	2.29722	0.00888489
2.769110e-07	2.29548	0.00873995
2.777090e-07	2.29376	0.008577
2.785090e-07	2.29204	0.00839745
2.793120e-07	2.29034	0.00820286
2.801170e-07	2.28864	0.00799489
2.809250e-07	2.28694	0.0077753
2.817340e-07	2.28525	0.00754587
2.825460e-07	2.28356	0.00730844
2.833610e-07	2.28187	0.00706481
2.841780e-07	2.28019	0.00681677
2.849970e-07	2.27851	0.00656607
2.858180e-07	2.27683	0.00631435
2.866420e-07	2.27515	0.0060632
2.874680e-07	2.27347	0.00581407
2.882970e-07	2.2718	0.00556831
2.891280e-07	2.27013	0.00532712
2.899610e-07	2.26846	0.0050916
2.907970e-07	2.2668	0.00486268
2.916350e-07	2.26514	0.00464116
2.924760e-07	2.26349	0.00442771
2.933190e-07	2.26185	0.00422286
2.941640e-07	2.26022	0.004027
2.950120e-07	2.25859	0.00384042
2.958620e-07	2.25697	0.00366329
2.967150e-07	2.25536	0.00349567
2.975700e-07	2.25377	0.00333752
2.984280e-07	2.25218	0.00318873
2.992880e-07	2.25061	0.00304912
3.001510e-07	2.24905	0.00291842
3.010160e-07	2.24751	0.00279634
3.018840e-07	2.24597	0.00268253
3.027540e-07	2.24445	0.00257662
3.036270e-07	2.24295	0.00247819
3.045020e-07	2.24146	0.00238683
3.053790e-07	2.23998	0.00230211
3.062600e-07	2.23852	0.00222359
3.071420e-07	2.23708	0.00215085
3.080280e-07	2.23565	0.00208346
3.089160e-07	2.23423	0.00202101
3.098060e-07	2.23283	0.00196311
3.106990e-07	2.23145	0.00190937
3.115950e-07	2.23007	0.00185943
3.124930e-07	2.22872	0.00181295
3.133930e-07	2.22738	0.00176961
3.142970e-07	2.22605	0.00172912
3.152030e-07	2.22474	0.0016912
3.161110e-07	2.22344	0.0016556
3.170220e-07	2.22215	0.00162207
3.179360e-07	2.22088	0.00159042
3.188530e-07	2.21962	0.00156045
3.197720e-07	2.21838	0.00153198
3.206930e-07	2.21714	0.00150485
3.216180e-07	2.21592	0.00147893
3.225450e-07	2.21472	0.00145409
3.234740e-07	2.21352	0.00143021
3.244070e-07	2.21234	0.0014072
3.253420e-07	2.21116	0.00138496
3.262800e-07	2.21	0.00136343
3.272200e-07	2.20886	0.00134252
3.281630e-07	2.20772	0.00132218
3.291090e-07	2.20659	0.00130236
3.300580e-07	2.20548	0.001283
3.310090e-07	2.20437	0.00126408
3.319630e-07	2.20328	0.00124555
3.329200e-07	2.20219	0.00122738
3.338800e-07	2.20112	0.00120955
3.348420e-07	2.20005	0.00119203
3.358070e-07	2.199	0.00117481
3.367750e-07	2.19795	0.00115786
3.377460e-07	2.19692	0.00114116
3.387190e-07	2.19589	0.00112471
3.396960e-07	2.19487	0.0011085
3.406750e-07	2.19387	0.0010925
3.416570e-07	2.19287	0.00107672
3.426410e-07	2.19188	0.00106115
3.436290e-07	2.1909	0.00104577
3.446200e-07	2.18992	0.00103059
3.456130e-07	2.18896	0.00101559
3.466090e-07	2.188	0.00100077
3.476080e-07	2.18706	0.000986121
3.486100e-07	2.18612	0.000971646
3.496150e-07	2.18519	0.000957337
3.506230e-07	2.18426	0.00094319
3.516330e-07	2.18335	0.000929202
3.526470e-07	2.18244	0.000915369
3.536630e-07	2.18154	0.000901688
3.546830e-07	2.18065	0.000888156
3.557050e-07	2.17976	0.000874769
3.567300e-07	2.17889	0.000861526
3.577580e-07	2.17802	0.000848423
3.587900e-07	2.17715	0.000835457
3.598240e-07	2.1763	0.000822626
3.608610e-07	2.17545	0.000809928
3.619010e-07	2.17461	0.00079736
3.629440e-07	2.17377	0.00078492
3.639900e-07	2.17294	0.000772605
3.650400e-07	2.17212	0.000760413
3.660920e-07	2.17131	0.000748342
3.671470e-07	2.1705	0.000736389
3.682050e-07	2.1697	0.000724553
3.692660e-07	2.1689	0.000712832
3.703310e-07	2.16812	0.000701223
3.713980e-07	2.16733	0.000689724
3.724690e-07	2.16656	0.000678334
3.735420e-07	2.16579	0.000667051
3.746190e-07	2.16503	0.000655872
3.756990e-07	2.16427	0.000644795
3.767820e-07	2.16352	0.00063382
3.778680e-07	2.16277	0.000622943
3.789570e-07	2.16203	0.000612164
3.800490e-07	2.1613	0.00060148
3.811450e-07	2.16057	0.00059089
3.822430e-07	2.15985	0.000580392
3.833450e-07	2.15913	0.000569985
3.844500e-07	2.15842	0.000559666
3.855580e-07	2.15771	0.000549435
3.866690e-07	2.15701	0.000539289
3.877840e-07	2.15632	0.000529227
3.889020e-07	2.15563	0.000519247
3.900230e-07	2.15494	0.000509349
3.911470e-07	2.15426	0.00049953
3.922740e-07	2.15359	0.000489789
3.934050e-07	2.15292	0.000480124
3.945390e-07	2.15226	0.000470535
3.956760e-07	2.1516	0.000461019
3.968170e-07	2.15094	0.000451576
3.979600e-07	2.1503	0.000442203
3.991070e-07	2.14965	0.000432901
4.002580e-07	2.14901	0.000423666
4.014120e-07	2.14838	0.000414499
4.025690e-07	2.14775	0.000405398
4.037290e-07	2.14712	0.000396361
4.048930e-07	2.1465	0.000387387
4.060600e-07	2.14589	0.000378476
4.072300e-07	2.14528	0.000369625
4.084040e-07	2.14467	0.000360834
4.095810e-07	2.14407	0.000352101
4.107620e-07	2.14347	0.000343426
4.119460e-07	2.14288	0.000334808
4.131330e-07	2.14229	0.000326244
4.143240e-07	2.1417	0.000317734
4.155180e-07	2.14112	0.000309278
4.167160e-07	2.14055	0.000300873
4.179170e-07	2.13998	0.000292519
4.191210e-07	2.13941	0.000284215
4.203300e-07	2.13884	0.00027596
4.215410e-07	2.13828	0.000267752
4.227560e-07	2.13773	0.000259591
4.239750e-07	2.13718	0.000251476
4.251970e-07	2.13663	0.000243406
4.264220e-07	2.13608	0.00023538
4.276510e-07	2.13554	0.000227397
4.288840e-07	2.13501	0.000219456
4.301200e-07	2.13448	0.000211556
4.313600e-07	2.13395	0.000203696
4.326030e-07	2.13342	0.000195876
4.338500e-07	2.1329	0.000188094
4.351010e-07	2.13238	0.00018035
4.363550e-07	2.13187	0.000172642
4.376130e-07	2.13136	0.000164971
4.388740e-07	2.13085	0.000157334
4.401390e-07	2.13035	0.000149732
4.414080e-07	2.12985	0.000142163
4.426800e-07	2.12935	0.000134627
4.439560e-07	2.12886	0.000127123
4.452360e-07	2.12837	0.00011965
4.465190e-07	2.12788	0.000112207
4.478060e-07	2.1274	0.000104794
4.490970e-07	2.12692	9.74092e-05
4.503910e-07	2.12644	9.00529e-05
4.516890e-07	2.12597	8.2724e-05
4.529910e-07	2.1255	7.54217e-05
4.542970e-07	2.12503	6.81453e-05
4.556060e-07	2.12457	6.08942e-05
4.569200e-07	2.1241	5.36676e-05
4.582370e-07	2.12365	4.64648e-05
4.595580e-07	2.12319	3.92853e-05
4.608820e-07	2.12274	3.21282e-05
4.622110e-07	2.12229	2.49929e-05
4.635430e-07	2.12184	1.78788e-05
4.648790e-07	2.12139	1.07853e-05
4.662190e-07	2.12095	3.71159e-06
4.675630e-07	2.1205	2.87846e-20
4.689100e-07	2.12006	2.08638e-20
4.702620e-07	2.11963	1.5117e-20
4.716170e-07	2.1192	1.09493e-20
4.729770e-07	2.11877	7.92788e-21
4.743400e-07	2.11835	5.73827e-21
4.757070e-07	2.11793	4.15204e-21
4.770790e-07	2.11751	3.00332e-21
4.784540e-07	2.1171	2.17174e-21
4.798330e-07	2.11669	1.56993e-21
4.812160e-07	2.11628	1.13455e-21
4.826030e-07	2.11588	8.19675e-22
4.839940e-07	2.11548	5.92022e-22
4.853890e-07	2.11508	4.27479e-22
4.867880e-07	2.11468	3.08587e-22
4.881910e-07	2.11429	2.22703e-22
4.895980e-07	2.1139	1.60682e-22
4.910090e-07	2.11351	1.15906e-22
4.924250e-07	2.11312	8.35868e-23
4.938440e-07	2.11274	6.0266e-23
4.952680e-07	2.11236	4.34421e-23
4.966950e-07	2.11199	3.13081e-23
4.981270e-07	2.11161	2.25587e-23
4.995630e-07	2.11124	1.62512e-23
5.010020e-07	2.11087	1.1705e-23
5.024470e-07	2.1105	8.42905e-24
5.038950e-07	2.11014	6.06888e-24
5.053470e-07	2.10978	4.36882e-24
5.068040e-07	2.10942	3.14448e-24
5.082650e-07	2.10906	2.2629e-24
5.097300e-07	2.10871	1.62823e-24
5.111990e-07	2.10835	1.1714e-24
5.126720e-07	2.108	8.42626e-25
5.141500e-07	2.10766	6.06049e-25
5.156320e-07	2.10731	4.3584e-25
5.171180e-07	2.10697	3.13397e-25
5.186090e-07	2.10663	2.25328e-25
5.201040e-07	2.10629	1.61991e-25
5.216030e-07	2.10595	1.16446e-25
5.231060e-07	2.10562	8.36982e-26
5.246140e-07	2.10529	6.0155e-26
5.261260e-07	2.10496	4.32308e-26
5.276430e-07	2.10463	3.10658e-26
5.291630e-07	2.10431	2.23225e-26
5.306890e-07	2.10398	1.6039e-26
5.322180e-07	2.10366	1.15236e-26
5.337520e-07	2.10335	8.27897e-27
5.352910e-07	2.10303	5.94767e-27
5.368340e-07	2.10271	4.27268e-27
5.383810e-07	2.1024	3.06931e-27
5.399330e-07	2.10209	2.2048e-27
5.414890e-07	2.10178	1.58376e-27
5.430500e-07	2.10148	1.13764e-27
5.446150e-07	2.10117	8.17173e-28
5.461850e-07	2.10087	5.86979e-28
5.477590e-07	2.10057	4.2163e-28
5.493380e-07	2.10027	3.02862e-28
5.509220e-07	2.09997	2.17552e-28
5.525100e-07	2.09968	1.56275e-28
5.541020e-07	2.09939	1.1226e-28
5.556990e-07	2.0991	8.06445e-29
5.573010e-07	2.09881	5.79347e-29
5.589070e-07	2.09852	4.16217e-29
5.605180e-07	2.09823	2.99034e-29
5.621340e-07	2.09795	2.14853e-29
5.637540e-07	2.09767	1.54378e-29
5.653790e-07	2.09739	1.10932e-29
5.670090e-07	2.09711	7.97181e-30
5.686430e-07	2.09683	5.72909e-30
5.702820e-07	2.09656	4.11763e-30
5.719260e-07	2.09629	2.95967e-30
5.735750e-07	2.09601	2.12753e-30
5.752280e-07	2.09574	1.52948e-30
5.768860e-07	2.09548	1.09965e-30
5.785490e-07	2.09521	7.90695e-31
5.802160e-07	2.09495	5.686e-31
5.818890e-07	2.09468	4.08932e-31
5.835660e-07	2.09442	2.94133e-31
5.852480e-07	2.09416	2.11586e-31
5.869350e-07	2.0939	1.52223e-31
5.886270e-07	2.09365	1.09529e-31
5.903230e-07	2.09339	7.882e-32
5.920250e-07	2.09314	5.67283e-32
5.937310e-07	2.09289	4.08341e-32
5.954430e-07	2.09264	2.93973e-32
5.971590e-07	2.09239	2.11668e-32
5.988800e-07	2.09214	1.5243e-32
6.006060e-07	2.0919	1.09787e-32
6.023370e-07	2.09165	7.9086e-33
6.040740e-07	2.09141	5.69797e-33
6.058150e-07	2.09117	4.10594e-33
6.075610e-07	2.09093	2.95923e-33
6.093120e-07	2.09069	2.13315e-33
6.110680e-07	2.09046	1.53795e-33
6.128300e-07	2.09022	1.10902e-33
6.145960e-07	2.08999	7.99871e-34
6.163680e-07	2.08976	5.77008e-34
6.181440e-07	2.08952	4.16321e-34
6.199260e-07	2.0893	3.00442e-34
6.217130e-07	2.08907	2.1686e-34
6.235050e-07	2.08884	1.56563e-34
6.253020e-07	2.08862	1.13054e-34
6.271040e-07	2.08839	8.16541e-35
6.289120e-07	2.08817	5.89878e-35
6.307250e-07	2.08795	4.26228e-35
6.325430e-07	2.08773	3.08048e-35
6.343660e-07	2.08751	2.22686e-35
6.361940e-07	2.08729	1.61015e-35
6.380280e-07	2.08708	1.1645e-35
6.398670e-07	2.08686	8.424e-36
6.417120e-07	2.08665	6.09536e-36
6.435610e-07	2.08644	4.4115e-36
6.454160e-07	2.08622	3.19359e-36
6.472770e-07	2.08602	2.3125e-36
6.491420e-07	2.08581	1.67491e-36
6.510130e-07	2.0856	1.21343e-36
6.528900e-07	2.08539	8.79324e-37
6.547720e-07	2.08519	6.37378e-37
6.566590e-07	2.08499	4.62125e-37
6.585520e-07	2.08478	3.3515e-37
6.604500e-07	2.08458	2.43128e-37
6.623540e-07	2.08438	1.76421e-37
6.642630e-07	2.08418	1.28052e-37
6.661770e-07	2.08399	9.29704e-38
6.680980e-07	2.08379	6.75188e-38
6.700230e-07	2.08359	4.90488e-38
6.719550e-07	2.0834	3.56416e-38
6.738910e-07	2.08321	2.59067e-38
6.758340e-07	2.08301	1.88363e-38
6.777820e-07	2.08282	1.36996e-38
6.797350e-07	2.08263	9.96662e-39
6.816950e-07	2.08245	7.25304e-39
6.836600e-07	2.08226	5.27989e-39
6.856300e-07	2.08207	3.8447e-39
6.876060e-07	2.08189	2.8005e-39
6.895880e-07	2.0817	2.04053e-39
6.915760e-07	2.08152	1.48726e-39
6.935690e-07	2.08134	1.08435e-39
6.955680e-07	2.08115	7.90845e-40
6.975730e-07	2.08097	5.76969e-40
6.995840e-07	2.0808	4.21071e-40
7.016000e-07	2.08062	3.07397e-40
7.036230e-07	2.08044	2.24485e-40
7.056510e-07	2.08026	1.6399e-40
7.076850e-07	2.08009	1.19838e-40
7.097250e-07	2.07991	8.76026e-41
7.117700e-07	2.07974	6.406e-41
7.138220e-07	2.07957	4.68602e-41
7.158790e-07	2.0794	3.42903e-41
7.179430e-07	2.07923	2.51008e-41
7.200120e-07	2.07906	1.83804e-41
7.220880e-07	2.07889	1.3464e-41
7.241690e-07	2.07872	9.86615e-42
7.262560e-07	2.07856	7.23225e-42
7.283500e-07	2.07839	5.3034e-42
7.304490e-07	2.07823	3.89037e-42
7.325540e-07	2.07806	2.85485e-42
7.346660e-07	2.0779	2.09572e-42
7.367830e-07	2.07774	1.53901e-42
7.389070e-07	2.07758	1.1306e-42
7.410370e-07	2.07742	8.30872e-43
7.431730e-07	2.07726	6.10832e-43
7.453150e-07	2.0771	4.49232e-43
7.474630e-07	2.07694	3.30508e-43
7.496180e-07	2.07678	2.43252e-43
7.517780e-07	2.07663	1.79099e-43
7.539450e-07	2.07647	1.31916e-43
7.561190e-07	2.07632	9.71997e-44
7.582980e-07	2.07616	7.16472e-44
7.604840e-07	2.07601	5.28325e-44
7.626760e-07	2.07586	3.89736e-44
7.648740e-07	2.07571	2.87612e-44
7.670790e-07	2.07556	2.12331e-44
7.692900e-07	2.07541	1.56816e-44
7.715070e-07	2.07526	1.15861e-44
7.737310e-07	2.07511	8.56361e-45
7.759610e-07	2.07497	6.3321e-45
7.781980e-07	2.07482	4.68394e-45
7.804410e-07	2.07467	3.46615e-45
7.826900e-07	2.07453	2.56601e-45
7.849460e-07	2.07439	1.90039e-45
7.872090e-07	2.07424	1.40801e-45
7.894780e-07	2.0741	1.04362e-45
7.917530e-07	2.07396	7.73846e-46
7.940350e-07	2.07382	5.74044e-46
7.963240e-07	2.07368	4.26004e-46
7.986190e-07	2.07354	3.16272e-46
8.009210e-07	2.0734	2.34902e-46
8.032300e-07	2.07326	1.74539e-46
8.055450e-07	2.07312	1.29741e-46
8.078670e-07	2.07299	9.64817e-47
8.101960e-07	2.07285	7.17783e-47
8.125310e-07	2.07271	5.34224e-47
8.148730e-07	2.07258	3.97774e-47
8.172220e-07	2.07245	2.963e-47
8.195770e-07	2.07231	2.20806e-47
8.219400e-07	2.07218	1.64617e-47
8.243090e-07	2.07205	1.22778e-47
8.266850e-07	2.07192	9.16126e-48
8.290670e-07	2.07179	6.8387e-48
8.314570e-07	2.07166	5.10715e-48
8.338540e-07	2.07153	3.81567e-48
8.362570e-07	2.0714	2.852e-48
8.386680e-07	2.07127	2.13263e-48
8.410850e-07	2.07114	1.5954e-48
8.435090e-07	2.07102	1.19402e-48
8.459410e-07	2.07089	8.94014e-49
8.483790e-07	2.07076	6.69677e-49
8.508240e-07	2.07064	5.01853e-49
8.532770e-07	2.07051	3.76252e-49
8.557360e-07	2.07039	2.82209e-49
8.582030e-07	2.07027	2.11765e-49
8.606760e-07	2.07014	1.58975e-49
8.631570e-07	2.07002	1.19398e-49
8.656450e-07	2.0699	8.9713e-50
8.681400e-07	2.06978	6.74384e-50
8.706430e-07	2.06966	5.07169e-50
8.731520e-07	2.06954	3.81585e-50
8.756690e-07	2.06942	2.87227e-50
8.781930e-07	2.0693	2.16298e-50
8.807240e-07	2.06918	1.62957e-50
8.832630e-07	2.06907	1.22826e-50
8.858090e-07	2.06895	9.26195e-51
8.883620e-07	2.06883	6.98731e-51
8.909220e-07	2.06872	5.27368e-51
8.934900e-07	2.0686	3.98212e-51
8.960660e-07	2.06849	3.00823e-51
8.986490e-07	2.06837	2.27355e-51
9.012390e-07	2.06826	1.71908e-51
9.038360e-07	2.06815	1.30043e-51
9.064420e-07	2.06803	9.84175e-52
9.090540e-07	2.06792	7.45174e-52
9.116750e-07	2.06781	5.6447e-52
9.143020e-07	2.0677	4.27783e-52
9.169380e-07	2.06759	3.24343e-52
9.195810e-07	2.06748	2.46029e-52
9.222310e-07	2.06737	1.86709e-52
9.248900e-07	2.06726	1.41758e-52
9.275550e-07	2.06715	1.07678e-52
9.302290e-07	2.06704	8.18291e-53
9.329100e-07	2.06693	6.22142e-53
9.355990e-07	2.06682	4.7323e-53
9.382960e-07	2.06672	3.60127e-53
9.410010e-07	2.06661	2.74183e-53
9.437130e-07	2.0665	2.08846e-53
9.464330e-07	2.0664	1.59153e-53
9.491610e-07	2.06629	1.2134e-53
9.518970e-07	2.06619	9.25544e-54
9.546410e-07	2.06608	7.06304e-54
9.573920e-07	2.06598	5.39249e-54
9.601520e-07	2.06588	4.11897e-54
9.629190e-07	2.06577	3.14769e-54
9.656950e-07	2.06567	2.40657e-54
9.684780e-07	2.06557	1.84081e-54
9.712700e-07	2.06547	1.40871e-54
9.740690e-07	2.06537	1.07854e-54
9.768770e-07	2.06526	8.26148e-55
9.796930e-07	2.06516	6.33115e-55
9.825170e-07	2.06506	4.85413e-55
9.853490e-07	2.06496	3.72344e-55
9.881890e-07	2.06486	2.85747e-55
9.910370e-07	2.06476	2.19393e-55
9.938940e-07	2.06467	1.68527e-55
9.967580e-07	2.06457	1.29515e-55
9.996310e-07	2.06447	9.95814e-56
1.002510e-06	2.06437	7.66019e-56
1.005400e-06	2.06428	5.89531e-56
1.008300e-06	2.06418	4.53919e-56
1.011210e-06	2.06408	3.49668e-56
1.014120e-06	2.06399	2.69488e-56
1.017040e-06	2.06389	2.07791e-56
1.019980e-06	2.06379	1.60296e-56
1.022920e-06	2.0637	1.23715e-56
1.025860e-06	2.0636	9.55275e-57
1.028820e-06	2.06351	7.37973e-57
1.031790e-06	2.06342	5.70373e-57
1.034760e-06	2.06332	4.41045e-57
1.037740e-06	2.06323	3.41203e-57
1.040730e-06	2.06314	2.64089e-57
1.043730e-06	2.06304	2.045e-57
1.046740e-06	2.06295	1.58432e-57
1.049760e-06	2.06286	1.228e-57
1.052790e-06	2.06277	9.52272e-58
1.055820e-06	2.06268	7.38805e-58
1.058860e-06	2.06258	5.73463e-58
1.061920e-06	2.06249	4.45336e-58
1.064980e-06	2.0624	3.46e-58
1.068050e-06	2.06231	2.6895e-58
1.071120e-06	2.06222	2.09158e-58
1.074210e-06	2.06213	1.62736e-58
1.077310e-06	2.06204	1.26677e-58
1.080410e-06	2.06195	9.86556e-59
1.083530e-06	2.06187	7.6869e-59
1.086650e-06	2.06178	5.99222e-59
1.089780e-06	2.06169	4.67337e-59
1.092920e-06	2.0616	3.64653e-59
1.096070e-06	2.06151	2.84667e-59
1.099230e-06	2.06142	2.22331e-59
1.102400e-06	2.06134	1.73728e-59
1.105580e-06	2.06125	1.35815e-59
1.108770e-06	2.06116	1.06226e-59
1.111960e-06	2.06108	8.31232e-60
1.115170e-06	2.06099	6.50759e-60
1.118380e-06	2.06091	5.09711e-60
1.121600e-06	2.06082	3.99425e-60
1.124840e-06	2.06073	3.1315e-60
1.128080e-06	2.06065	2.45627e-60
1.131330e-06	2.06056	1.92756e-60
1.134590e-06	2.06048	1.51337e-60
1.137860e-06	2.06039	1.18874e-60
1.141140e-06	2.06031	9.34198e-61
1.144430e-06	2.06023	7.34506e-61
1.147730e-06	2.06014	5.77775e-61
1.151040e-06	2.06006	4.54703e-61
1.154360e-06	2.05997	3.58017e-61
1.157680e-06	2.05989	2.82024e-61
1.161020e-06	2.05981	2.22266e-61
1.164370e-06	2.05972	1.75254e-61
1.167720e-06	2.05964	1.38251e-61
1.171090e-06	2.05956	1.09112e-61
1.174460e-06	2.05948	8.61561e-62
1.177850e-06	2.0594	6.80618e-62
1.181240e-06	2.05931	5.37932e-62
1.184650e-06	2.05923	4.2536e-62
1.188060e-06	2.05915	3.36504e-62
1.191490e-06	2.05907	2.66337e-62
1.194920e-06	2.05899	2.109e-62
1.198370e-06	2.05891	1.67081e-62
1.201820e-06	2.05883	1.32429e-62
1.205290e-06	2.05874	1.05013e-62
1.208760e-06	2.05866	8.33124e-63
1.212240e-06	2.05858	6.61272e-63
1.215740e-06	2.0585	5.25117e-63
1.219240e-06	2.05842	4.17192e-63
1.222760e-06	2.05834	3.31605e-63
1.226280e-06	2.05826	2.637e-63
1.229820e-06	2.05818	2.09799e-63
1.233360e-06	2.0581	1.66994e-63
1.236920e-06	2.05803	1.32985e-63
1.240480e-06	2.05795	1.05952e-63
1.244060e-06	2.05787	8.44536e-64
1.247640e-06	2.05779	6.7349e-64
1.251240e-06	2.05771	5.37339e-64
1.254840e-06	2.05763	4.28912e-64
1.258460e-06	2.05755	3.42525e-64
1.262090e-06	2.05747	2.73665e-64
1.265730e-06	2.0574	2.1875e-64
1.269370e-06	2.05732	1.74937e-64
1.273030e-06	2.05724	1.39964e-64
1.276700e-06	2.05716	1.12035e-64
1.280380e-06	2.05708	8.97212e-65
1.284070e-06	2.05701	7.18849e-65
1.287770e-06	2.05693	5.76213e-65
1.291490e-06	2.05685	4.62093e-65
1.295210e-06	2.05677	3.70748e-65
1.298940e-06	2.0567	2.97597e-65
1.302690e-06	2.05662	2.38991e-65
1.306440e-06	2.05654	1.92015e-65
1.310210e-06	2.05646	1.54344e-65
1.313980e-06	2.05639	1.24121e-65
1.317770e-06	2.05631	9.98623e-66
1.321570e-06	2.05623	8.0382e-66
1.325380e-06	2.05616	6.47317e-66
1.329200e-06	2.05608	5.21525e-66
1.333030e-06	2.056	4.20372e-66
1.336870e-06	2.05593	3.38994e-66
1.340730e-06	2.05585	2.73496e-66
1.344590e-06	2.05577	2.20754e-66
1.348470e-06	2.0557	1.78265e-66
1.352350e-06	2.05562	1.4402e-66
1.356250e-06	2.05554	1.16407e-66
1.360160e-06	2.05547	9.41311e-67
1.364080e-06	2.05539	7.6153e-67
1.368010e-06	2.05532	6.16367e-67
1.371960e-06	2.05524	4.99102e-67
1.375910e-06	2.05516	4.04332e-67
1.379880e-06	2.05509	3.27706e-67
1.383850e-06	2.05501	2.65723e-67
1.387840e-06	2.05494	2.15562e-67
1.391840e-06	2.05486	1.74949e-67
1.395850e-06	2.05478	1.42052e-67
1.399880e-06	2.05471	1.15393e-67
1.403910e-06	2.05463	9.37802e-68
1.407960e-06	2.05456	7.62497e-68
1.412020e-06	2.05448	6.20242e-68
1.416090e-06	2.05441	5.04755e-68
1.420170e-06	2.05433	4.10957e-68
1.424260e-06	2.05425	3.3474e-68
1.428370e-06	2.05418	2.72781e-68
1.432480e-06	2.0541	2.2239e-68
1.436610e-06	2.05403	1.8139e-68
1.440750e-06	2.05395	1.48015e-68
1.444910e-06	2.05388	1.20835e-68
1.449070e-06	2.0538	9.86899e-69
1.453250e-06	2.05372	8.06395e-69
1.457440e-06	2.05365	6.592e-69
1.461640e-06	2.05357	5.39114e-69
1.465850e-06	2.0535	4.411e-69
1.470080e-06	2.05342	3.61066e-69
1.474310e-06	2.05335	2.95686e-69
1.478560e-06	2.05327	2.42251e-69
1.482820e-06	2.05319	1.98561e-69
1.487100e-06	2.05312	1.62823e-69
1.491390e-06	2.05304	1.33576e-69
1.495680e-06	2.05297	1.09631e-69
1.500000e-06	2.05289	9.00183e-70
1.504320e-06	2.05281	7.39467e-70
1.508650e-06	2.05274	6.07713e-70
1.513000e-06	2.05266	4.99654e-70
1.517360e-06	2.05259	4.10989e-70
1.521740e-06	2.05251	3.38207e-70
1.526120e-06	2.05243	2.78435e-70
1.530520e-06	2.05236	2.29328e-70
1.534930e-06	2.05228	1.88964e-70
1.539360e-06	2.0522	1.55772e-70
1.543800e-06	2.05213	1.28467e-70
1.548250e-06	2.05205	1.05994e-70
1.552710e-06	2.05197	8.74903e-71
1.557180e-06	2.0519	7.22482e-71
1.561670e-06	2.05182	5.96874e-71
1.566170e-06	2.05174	4.93317e-71
1.570690e-06	2.05167	4.07904e-71
1.575220e-06	2.05159	3.37425e-71
1.579760e-06	2.05151	2.79244e-71
1.584310e-06	2.05144	2.31194e-71
1.588880e-06	2.05136	1.91495e-71
1.593460e-06	2.05128	1.58681e-71
1.598050e-06	2.0512	1.31546e-71
1.602650e-06	2.05113	1.09098e-71
1.607270e-06	2.05105	9.05194e-72
1.611910e-06	2.05097	7.51367e-72
1.616550e-06	2.05089	6.23947e-72
1.621210e-06	2.05081	5.18357e-72
1.625890e-06	2.05074	4.30819e-72
1.630570e-06	2.05066	3.58216e-72
1.635270e-06	2.05058	2.97974e-72
1.639980e-06	2.0505	2.47969e-72
1.644710e-06	2.05042	2.06442e-72
1.649450e-06	2.05034	1.71943e-72
1.654210e-06	2.05026	1.43269e-72
1.658980e-06	2.05019	1.19427e-72
1.663760e-06	2.05011	9.95951e-73
1.668550e-06	2.05003	8.30911e-73
1.673360e-06	2.04995	6.9351e-73
1.678190e-06	2.04987	5.79073e-73
1.683020e-06	2.04979	4.83721e-73
1.687870e-06	2.04971	4.04239e-73
1.692740e-06	2.04963	3.37958e-73
1.697620e-06	2.04955	2.82662e-73
1.702510e-06	2.04947	2.36512e-73
1.707420e-06	2.04939	1.97978e-73
1.712340e-06	2.04931	1.65792e-73
1.717280e-06	2.04923	1.38896e-73
1.722220e-06	2.04915	1.16411e-73
1.727190e-06	2.04906	9.7606e-74
1.732170e-06	2.04898	8.18727e-74
1.737160e-06	2.0489	6.87037e-74
1.742170e-06	2.04882	5.76765e-74
1.747190e-06	2.04874	4.84391e-74
1.752230e-06	2.04866	4.06978e-74
1.757280e-06	2.04857	3.42077e-74
1.762340e-06	2.04849	2.87642e-74
1.767420e-06	2.04841	2.41969e-74
1.772510e-06	2.04833	2.0363e-74
1.777620e-06	2.04824	1.71436e-74
1.782750e-06	2.04816	1.4439e-74
1.787890e-06	2.04808	1.2166e-74
1.793040e-06	2.04799	1.0255e-74
1.798210e-06	2.04791	8.64759e-75
1.803390e-06	2.04783	7.29511e-75
1.808590e-06	2.04774	6.15663e-75
1.813800e-06	2.04766	5.1979e-75
1.819030e-06	2.04757	4.39024e-75
1.824270e-06	2.04749	3.70955e-75
1.829530e-06	2.0474	3.13565e-75
1.834800e-06	2.04732	2.6516e-75
1.840090e-06	2.04723	2.24316e-75
1.845400e-06	2.04715	1.89839e-75
1.850720e-06	2.04706	1.60725e-75
1.856050e-06	2.04697	1.3613e-75
1.861400e-06	2.04689	1.15344e-75
1.866770e-06	2.0468	9.77705e-76
1.872150e-06	2.04671	8.29071e-76
1.877540e-06	2.04663	7.0331e-76
1.882950e-06	2.04654	5.9686e-76
1.888380e-06	2.04645	5.0672e-76
1.893830e-06	2.04636	4.30362e-76
1.899280e-06	2.04628	3.65654e-76
1.904760e-06	2.04619	3.10796e-76
1.910250e-06	2.0461	2.64271e-76
1.915750e-06	2.04601	2.24798e-76
1.921280e-06	2.04592	1.91295e-76
1.926810e-06	2.04583	1.62849e-76
1.932370e-06	2.04574	1.38686e-76
1.937940e-06	2.04565	1.18154e-76
1.943520e-06	2.04556	1.007e-76
1.949130e-06	2.04547	8.58579e-77
1.954740e-06	2.04538	7.32314e-77
1.960380e-06	2.04529	6.24857e-77
1.966030e-06	2.04519	5.33372e-77
1.971700e-06	2.0451	4.55455e-77
1.977380e-06	2.04501	3.89069e-77
1.983080e-06	2.04492	3.32486e-77
1.988790e-06	2.04482	2.8424e-77
1.994530e-06	2.04473	2.43087e-77
2.000280e-06	2.04464	2.07971e-77
2.006040e-06	2.04454	1.77995e-77
2.011820e-06	2.04445	1.52397e-77
2.017620e-06	2.04435	1.30529e-77
2.023440e-06	2.04426	1.11842e-77
2.029270e-06	2.04416	9.58656e-78
2.035120e-06	2.04407	8.22024e-78
2.040990e-06	2.04397	7.05128e-78
2.046870e-06	2.04388	6.05082e-78
2.052770e-06	2.04378	5.19424e-78
2.058680e-06	2.04368	4.46058e-78
2.064620e-06	2.04358	3.83196e-78
2.070570e-06	2.04349	3.29316e-78
2.076540e-06	2.04339	2.83116e-78
2.082520e-06	2.04329	2.43488e-78
2.088530e-06	2.04319	2.09483e-78
2.094550e-06	2.04309	1.80294e-78
2.100580e-06	2.04299	1.55229e-78
2.106640e-06	2.04289	1.33697e-78
2.112710e-06	2.04279	1.15195e-78
2.118800e-06	2.04269	9.92889e-79
2.124910e-06	2.04259	8.56105e-79
2.131030e-06	2.04249	7.38433e-79
2.137170e-06	2.04239	6.37166e-79
2.143330e-06	2.04228	5.49987e-79
2.149510e-06	2.04218	4.74907e-79
2.155710e-06	2.04208	4.10224e-79
2.161920e-06	2.04197	3.54479e-79
2.168150e-06	2.04187	3.0642e-79
2.174400e-06	2.04177	2.64971e-79
2.180670e-06	2.04166	2.29211e-79
2.186960e-06	2.04156	1.98348e-79
2.193260e-06	2.04145	1.71702e-79
2.199580e-06	2.04134	1.48688e-79
2.205920e-06	2.04124	1.28805e-79
2.212280e-06	2.04113	1.11621e-79
2.218660e-06	2.04102	9.67628e-80
2.225050e-06	2.04091	8.39124e-80
2.231460e-06	2.04081	7.27943e-80
2.237900e-06	2.0407	6.31715e-80
2.244350e-06	2.04059	5.48401e-80
2.250820e-06	2.04048	4.76241e-80
2.257300e-06	2.04037	4.13721e-80
2.263810e-06	2.04026	3.59534e-80
2.270330e-06	2.04015	3.12554e-80
2.276880e-06	2.04003	2.71806e-80
2.283440e-06	2.03992	2.36453e-80
2.290020e-06	2.03981	2.0577e-80
2.296620e-06	2.0397	1.7913e-80
2.303240e-06	2.03958	1.55993e-80
2.309880e-06	2.03947	1.35891e-80
2.316540e-06	2.03935	1.18421e-80
2.323220e-06	2.03924	1.03232e-80
2.329910e-06	2.03912	9.00214e-81
2.336630e-06	2.03901	7.85286e-81
2.343360e-06	2.03889	6.85264e-81
2.350120e-06	2.03877	5.98186e-81
2.356890e-06	2.03865	5.2235e-81
2.363690e-06	2.03854	4.56283e-81
2.370500e-06	2.03842	3.98708e-81
2.377330e-06	2.0383	3.48515e-81
2.384180e-06	2.03818	3.04743e-81
2.391060e-06	2.03806	2.66559e-81
2.397950e-06	2.03793	2.33237e-81
2.404860e-06	2.03781	2.04149e-81
2.411790e-06	2.03769	1.78749e-81
2.418740e-06	2.03757	1.56561e-81
2.425720e-06	2.03744	1.37173e-81
2.432710e-06	2.03732	1.20226e-81
2.439720e-06	2.0372	1.05408e-81
2.446750e-06	2.03707	9.24463e-82
2.453800e-06	2.03694	8.11055e-82
2.460880e-06	2.03682	7.11794e-82
2.467970e-06	2.03669	6.24886e-82
2.475080e-06	2.03656	5.4877e-82
2.482220e-06	2.03644	4.82083e-82
2.489370e-06	2.03631	4.23639e-82
2.496550e-06	2.03618	3.72401e-82
2.503740e-06	2.03605	3.27467e-82
2.510960e-06	2.03592	2.88048e-82
2.518200e-06	2.03579	2.53457e-82
2.525460e-06	2.03565	2.23092e-82
2.532740e-06	2.03552	1.96428e-82
2.540040e-06	2.03539	1.73006e-82
2.547360e-06	2.03525	1.52427e-82
2.554700e-06	2.03512	1.34338e-82
2.562060e-06	2.03498	1.18434e-82
2.569450e-06	2.03485	1.04446e-82
2.576850e-06	2.03471	9.214e-83
2.584280e-06	2.03457	8.13095e-83
2.591730e-06	2.03444	7.17748e-83
2.599200e-06	2.0343	6.33783e-83
2.606690e-06	2.03416	5.59817e-83
2.614210e-06	2.03402	4.9464e-83
2.621740e-06	2.03388	4.37189e-83
2.629300e-06	2.03373	3.86532e-83
2.636880e-06	2.03359	3.41852e-83
2.644480e-06	2.03345	3.02431e-83
2.652100e-06	2.03331	2.67639e-83
2.659740e-06	2.03316	2.36924e-83
2.667410e-06	2.03302	2.09799e-83
2.675100e-06	2.03287	1.85837e-83
2.682810e-06	2.03272	1.64663e-83
2.690540e-06	2.03258	1.45946e-83
2.698300e-06	2.03243	1.29397e-83
2.706080e-06	2.03228	1.1476e-83
2.713880e-06	2.03213	1.01809e-83
2.721700e-06	2.03198	9.03482e-84
2.729540e-06	2.03183	8.02017e-84
2.737410e-06	2.03168	7.12165e-84
2.745300e-06	2.03152	6.32571e-84
2.753210e-06	2.03137	5.62044e-84
2.761150e-06	2.03122	4.99531e-84
2.769110e-06	2.03106	4.44106e-84
2.777090e-06	2.0309	3.94949e-84
2.785090e-06	2.03075	3.51339e-84
2.793120e-06	2.03059	3.12639e-84
2.801170e-06	2.03043	2.78284e-84
2.809250e-06	2.03027	2.47779e-84
2.817340e-06	2.03011	2.20684e-84
2.825460e-06	2.02995	1.9661e-84
2.833610e-06	2.02979	1.75214e-84
2.841780e-06	2.02963	1.56194e-84
2.849970e-06	2.02946	1.39279e-84
2.858180e-06	2.0293	1.24234e-84
2.866420e-06	2.02913	1.10849e-84
2.874680e-06	2.02897	9.8948e-85
2.882970e-06	2.0288	8.8392e-85
2.891280e-06	2.02863	7.91343e-85
2.899610e-06	2.02846	7.13932e-85
2.907970e-06	2.02829	6.627e-85
2.916350e-06	2.02812	6.78804e-85
2.924760e-06	2.02795	9.06514e-85
2.933190e-06	2.02778	1.84097e-84
2.941640e-06	2.0276	5.16306e-84
2.950120e-06	2.02743	1.65314e-83
2.958620e-06	2.02725	5.48502e-83
2.967150e-06	2.02708	1.82806e-82
2.975700e-06	2.0269	6.06743e-82
2.984280e-06	2.02672	2.00095e-81
2.992880e-06	2.02654	6.55286e-81
3.001510e-06	2.02636	2.13078e-80
3.010160e-06	2.02618	6.87954e-80
3.018840e-06	2.026	2.20548e-79
3.027540e-06	2.02582	7.02083e-79
3.036270e-06	2.02563	2.21938e-78
3.045020e-06	2.02545	6.96711e-78
3.053790e-06	2.02526	2.17204e-77
3.062600e-06	2.02507	6.72503e-77
3.071420e-06	2.02488	2.068e-76
3.080280e-06	2.02469	6.31617e-76
3.089160e-06	2.0245	1.91612e-75
3.098060e-06	2.02431	5.77392e-75
3.106990e-06	2.02412	1.7283e-74
3.115950e-06	2.02393	5.13906e-74
3.124930e-06	2.02373	1.51803e-73
3.133930e-06	2.02354	4.4548e-73
3.142970e-06	2.02334	1.2988e-72
3.152030e-06	2.02314	3.76218e-72
3.161110e-06	2.02294	1.08277e-71
3.170220e-06	2.02274	3.09636e-71
3.179360e-06	2.02254	8.79829e-71
3.188530e-06	2.02234	2.48424e-70
3.197720e-06	2.02213	6.97037e-70
3.206930e-06	2.02193	1.94356e-69
3.216180e-06	2.02172	5.38567e-69
3.225450e-06	2.02152	1.48318e-68
3.234740e-06	2.02131	4.05954e-68
3.244070e-06	2.0211	1.10435e-67
3.253420e-06	2.02089	2.98604e-67
3.262800e-06	2.02067	8.0253e-67
3.272200e-06	2.02046	2.14397e-66
3.281630e-06	2.02025	5.69356e-66
3.291090e-06	2.02003	1.50304e-65
3.300580e-06	2.01982	3.94454e-65
3.310090e-06	2.0196	1.02914e-64
3.319630e-06	2.01938	2.66944e-64
3.329200e-06	2.01916	6.88412e-64
3.338800e-06	2.01894	1.76512e-63
3.348420e-06	2.01871	4.50001e-63
3.358070e-06	2.01849	1.14072e-62
3.367750e-06	2.01826	2.87533e-62
3.377460e-06	2.01804	7.20695e-62
3.387190e-06	2.01781	1.79633e-61
3.396960e-06	2.01758	4.45252e-61
3.406750e-06	2.01735	1.09755e-60
3.416570e-06	2.01711	2.69065e-60
3.426410e-06	2.01688	6.56021e-60
3.436290e-06	2.01665	1.59081e-59
3.446200e-06	2.01641	3.83686e-59
3.456130e-06	2.01617	9.20456e-59
3.466090e-06	2.01593	2.19641e-58
3.476080e-06	2.01569	5.21338e-58
3.486100e-06	2.01545	1.23094e-57
3.496150e-06	2.01521	2.8912e-57
3.506230e-06	2.01496	6.75549e-57
3.516330e-06	2.01472	1.57031e-56
3.526470e-06	2.01447	3.63145e-56
3.536630e-06	2.01422	8.35509e-56
3.546830e-06	2.01397	1.91255e-55
3.557050e-06	2.01372	4.3559e-55
3.567300e-06	2.01346	9.87096e-55
3.577580e-06	2.01321	2.22572e-54
3.587900e-06	2.01295	4.99372e-54
3.598240e-06	2.01269	1.11489e-53
3.608610e-06	2.01243	2.4769e-53
3.619010e-06	2.01217	5.47603e-53
3.629440e-06	2.01191	1.2048e-52
3.639900e-06	2.01165	2.63798e-52
3.650400e-06	2.01138	5.74836e-52
3.660920e-06	2.01111	1.24666e-51
3.671470e-06	2.01085	2.69087e-51
3.682050e-06	2.01057	5.78087e-51
3.692660e-06	2.0103	1.23612e-50
3.703310e-06	2.01003	2.63091e-50
3.713980e-06	2.00975	5.57368e-50
3.724690e-06	2.00948	1.17539e-49
3.735420e-06	2.0092	2.46737e-49
3.746190e-06	2.00892	5.15601e-49
3.756990e-06	2.00864	1.07258e-48
3.767820e-06	2.00835	2.22126e-48
3.778680e-06	2.00807	4.5796e-48
3.789570e-06	2.00778	9.4e-48
3.800490e-06	2.00749	1.92094e-47
3.811450e-06	2.0072	3.90835e-47
3.822430e-06	2.00691	7.91736e-47
3.833450e-06	2.00661	1.59693e-46
3.844500e-06	2.00632	3.20715e-46
3.855580e-06	2.00602	6.41347e-46
3.866690e-06	2.00572	1.27708e-45
3.877840e-06	2.00542	2.53225e-45
3.889020e-06	2.00512	4.99996e-45
3.900230e-06	2.00481	9.8313e-45
3.911470e-06	2.00451	1.92509e-44
3.922740e-06	2.0042	3.754e-44
3.934050e-06	2.00389	7.29046e-44
3.945390e-06	2.00358	1.41008e-43
3.956760e-06	2.00326	2.71623e-43
3.968170e-06	2.00295	5.21121e-43
3.979600e-06	2.00263	9.95793e-43
3.991070e-06	2.00231	1.89525e-42
4.002580e-06	2.00199	3.5929e-42
4.014120e-06	2.00166	6.78439e-42
4.025690e-06	2.00134	1.27607e-41
4.037290e-06	2.00101	2.39084e-41
4.048930e-06	2.00068	4.46214e-41
4.060600e-06	2.00035	8.29595e-41
4.072300e-06	2.00001	1.53648e-40
4.084040e-06	1.99968	2.83491e-40
4.095810e-06	1.99934	5.21085e-40
4.107620e-06	1.999	9.54216e-40
4.119460e-06	1.99866	1.74086e-39
4.131330e-06	1.99831	3.16423e-39
4.143240e-06	1.99797	5.7302e-39
4.155180e-06	1.99762	1.0339e-38
4.167160e-06	1.99727	1.85868e-38
4.179170e-06	1.99691	3.32932e-38
4.191210e-06	1.99656	5.94213e-38
4.203300e-06	1.9962	1.05675e-37
4.215410e-06	1.99584	1.87266e-37
4.227560e-06	1.99548	3.30679e-37
4.239750e-06	1.99512	5.81872e-37
4.251970e-06	1.99475	1.0203e-36
4.264220e-06	1.99438	1.78288e-36
4.276510e-06	1.99401	3.10465e-36
4.288840e-06	1.99364	5.38782e-36
4.301200e-06	1.99326	9.31816e-36
4.313600e-06	1.99289	1.6061e-35
4.326030e-06	1.99251	2.75899e-35
4.338500e-06	1.99212	4.72359e-35
4.351010e-06	1.99174	8.0602e-35
4.363550e-06	1.99135	1.37082e-34
4.376130e-06	1.99096	2.32372e-34
4.388740e-06	1.99057	3.92614e-34
4.401390e-06	1.99018	6.61201e-34
4.414080e-06	1.98978	1.10993e-33
4.426800e-06	1.98938	1.85722e-33
4.439560e-06	1.98898	3.09771e-33
4.452360e-06	1.98857	5.15036e-33
4.465190e-06	1.98817	8.53618e-33
4.478060e-06	1.98776	1.41035e-32
4.490970e-06	1.98734	2.32291e-32
4.503910e-06	1.98693	3.81409e-32
4.516890e-06	1.98651	6.24324e-32
4.529910e-06	1.98609	1.01882e-31
4.542970e-06	1.98567	1.65753e-31
4.556060e-06	1.98524	2.6885e-31
4.569200e-06	1.98482	4.34762e-31
4.582370e-06	1.98439	7.00959e-31
4.595580e-06	1.98395	1.12679e-30
4.608820e-06	1.98352	1.80595e-30
4.622110e-06	1.98308	2.88598e-30
4.635430e-06	1.98263	4.59845e-30
4.648790e-06	1.98219	7.30581e-30
4.662190e-06	1.98174	1.15737e-29
4.675630e-06	1.98129	1.82821e-29
4.689100e-06	1.98084	2.87968e-29
4.702620e-06	1.98038	4.52303e-29
4.716170e-06	1.97992	7.0842e-29
4.729770e-06	1.97946	1.10646e-28
4.743400e-06	1.979	1.72333e-28
4.757070e-06	1.97853	2.67671e-28
4.770790e-06	1.97806	4.14609e-28
4.784540e-06	1.97758	6.40453e-28
4.798330e-06	1.97711	9.86631e-28
4.812160e-06	1.97663	1.51582e-27
4.826030e-06	1.97614	2.3226e-27
4.839940e-06	1.97566	3.54929e-27
4.853890e-06	1.97517	5.40949e-27
4.867880e-06	1.97468	8.22288e-27
4.881910e-06	1.97418	1.24667e-26
4.895980e-06	1.97368	1.88516e-26
4.910090e-06	1.97318	2.84328e-26
4.924250e-06	1.97267	4.27732e-26
4.938440e-06	1.97216	6.41817e-26
4.952680e-06	1.97165	9.60607e-26
4.966950e-06	1.97114	1.43411e-25
4.981270e-06	1.97062	2.13562e-25
4.995630e-06	1.9701	3.17236e-25
5.010020e-06	1.96957	4.70068e-25
5.024470e-06	1.96904	6.94811e-25
5.038950e-06	1.96851	1.02449e-24
5.053470e-06	1.96797	1.5069e-24
5.068040e-06	1.96743	2.21112e-24
5.082650e-06	1.96689	3.23661e-24
5.097300e-06	1.96634	4.72639e-24
5.111990e-06	1.96579	6.88546e-24
5.126720e-06	1.96524	1.00071e-23
5.141500e-06	1.96468	1.45098e-23
5.156320e-06	1.96412	2.09893e-23
5.171180e-06	1.96355	3.02917e-23
5.186090e-06	1.96299	4.36161e-23
5.201040e-06	1.96241	6.26574e-23
5.216030e-06	1.96184	8.9806e-23
5.231060e-06	1.96126	1.28426e-22
5.246140e-06	1.96067	1.8324e-22
5.261260e-06	1.96009	2.60863e-22
5.276430e-06	1.95949	3.70543e-22
5.291630e-06	1.9589	5.25171e-22
5.306890e-06	1.9583	7.42689e-22
5.322180e-06	1.9577	1.048e-21
5.337520e-06	1.95709	1.47561e-21
5.352910e-06	1.95648	2.07321e-21
5.368340e-06	1.95586	2.90656e-21
5.383810e-06	1.95524	4.06619e-21
5.399330e-06	1.95462	5.67642e-21
5.414890e-06	1.95399	7.90758e-21
5.430500e-06	1.95336	1.09926e-20
5.446150e-06	1.95272	1.52494e-20
5.461850e-06	1.95208	2.11108e-20
5.477590e-06	1.95143	2.91649e-20
5.493380e-06	1.95078	4.02094e-20
5.509220e-06	1.95013	5.53235e-20
5.525100e-06	1.94947	7.59648e-20
5.541020e-06	1.94881	1.04098e-19
5.556990e-06	1.94814	1.42365e-19
5.573010e-06	1.94747	1.94313e-19
5.589070e-06	1.94679	2.64693e-19
5.605180e-06	1.94611	3.59856e-19
5.621340e-06	1.94542	4.8828e-19
5.637540e-06	1.94473	6.61251e-19
5.653790e-06	1.94404	8.93772e-19
5.670090e-06	1.94334	1.20574e-18
5.686430e-06	1.94263	1.62351e-18
5.702820e-06	1.94192	2.18189e-18
5.719260e-06	1.94121	2.9268e-18
5.735750e-06	1.94049	3.9187e-18
5.752280e-06	1.93977	5.23701e-18
5.768860e-06	1.93904	6.98589e-18
5.785490e-06	1.9383	9.3017e-18
5.802160e-06	1.93756	1.23626e-17
5.818890e-06	1.93682	1.6401e-17
5.835660e-06	1.93607	2.17193e-17
5.852480e-06	1.93531	2.87108e-17
5.869350e-06	1.93455	3.78851e-17
5.886270e-06	1.93379	4.99027e-17
5.903230e-06	1.93302	6.56167e-17
5.920250e-06	1.93224	8.61282e-17
5.937310e-06	1.93146	1.12855e-16
5.954430e-06	1.93067	1.4762e-16
5.971590e-06	1.92988	1.92763e-16
5.988800e-06	1.92908	2.51282e-16
6.006060e-06	1.92828	3.27011e-16
6.023370e-06	1.92747	4.24844e-16
6.040740e-06	1.92665	5.51022e-16
6.058150e-06	1.92583	7.13485e-16
6.075610e-06	1.92501	9.22319e-16
6.093120e-06	1.92417	1.19032e-15
6.110680e-06	1.92333	1.53368e-15
6.128300e-06	1.92249	1.97287e-15
6.145960e-06	1.92164	2.53373e-15
6.163680e-06	1.92078	3.24882e-15
6.181440e-06	1.91992	4.15908e-15
6.199260e-06	1.91905	5.31594e-15
6.217130e-06	1.91818	6.78387e-15
6.235050e-06	1.9173	8.64358e-15
6.253020e-06	1.91641	1.0996e-14
6.271040e-06	1.91551	1.39669e-14
6.289120e-06	1.91461	1.77133e-14
6.307250e-06	1.91371	2.24302e-14
6.325430e-06	1.91279	2.83601e-14
6.343660e-06	1.91187	3.58035e-14
6.361940e-06	1.91095	4.51326e-14
6.380280e-06	1.91002	5.68077e-14
6.398670e-06	1.90908	7.1397e-14
6.417120e-06	1.90813	8.96008e-14
6.435610e-06	1.90717	1.12281e-13
6.454160e-06	1.90621	1.40498e-13
6.472770e-06	1.90525	1.75551e-13
6.491420e-06	1.90427	2.19035e-13
6.510130e-06	1.90329	2.72899e-13
6.528900e-06	1.9023	3.39526e-13
6.547720e-06	1.9013	4.21823e-13
6.566590e-06	1.9003	5.23332e-13
6.585520e-06	1.89929	6.48364e-13
6.604500e-06	1.89827	8.02155e-13
6.623540e-06	1.89724	9.91058e-13
6.642630e-06	1.89621	1.22277e-12
6.661770e-06	1.89517	1.5066e-12
6.680980e-06	1.89412	1.85381e-12
6.700230e-06	1.89306	2.27797e-12
6.719550e-06	1.892	2.79544e-12
6.738910e-06	1.89092	3.4259e-12
6.758340e-06	1.88984	4.19302e-12
6.777820e-06	1.88875	5.12518e-12
6.797350e-06	1.88766	6.2564e-12
6.816950e-06	1.88655	7.62741e-12
6.836600e-06	1.88544	9.28689e-12
6.856300e-06	1.88432	1.1293e-11
6.876060e-06	1.88318	1.37149e-11
6.895880e-06	1.88205	1.66352e-11
6.915760e-06	1.8809	2.0152e-11
6.935690e-06	1.87974	2.43818e-11
6.955680e-06	1.87857	2.94628e-11
6.975730e-06	1.8774	3.55588e-11
6.995840e-06	1.87622	4.28635e-11
7.016000e-06	1.87502	5.16058e-11
7.036230e-06	1.87382	6.2056e-11
7.056510e-06	1.87261	7.45326e-11
7.076850e-06	1.87139	8.94108e-11
7.097250e-06	1.87016	1.07131e-10
7.117700e-06	1.86892	1.28213e-10
7.138220e-06	1.86767	1.53262e-10
7.158790e-06	1.86641	1.82993e-10
7.179430e-06	1.86514	2.18237e-10
7.200120e-06	1.86386	2.59969e-10
7.220880e-06	1.86257	3.09328e-10
7.241690e-06	1.86127	3.67639e-10
7.262560e-06	1.85997	4.36448e-10
7.283500e-06	1.85865	5.17554e-10
7.304490e-06	1.85732	6.13047e-10
7.325540e-06	1.85597	7.25355e-10
7.346660e-06	1.85462	8.5729e-10
7.367830e-06	1.85326	1.01211e-09
7.389070e-06	1.85189	1.19359e-09
7.410370e-06	1.8505	1.4061e-09
7.431730e-06	1.84911	1.65465e-09
7.453150e-06	1.8477	1.94506e-09
7.474630e-06	1.84628	2.28401e-09
7.496180e-06	1.84485	2.67919e-09
7.517780e-06	1.84341	3.13946e-09
7.539450e-06	1.84196	3.67497e-09
7.561190e-06	1.84049	4.29736e-09
7.582980e-06	1.83902	5.01999e-09
7.604840e-06	1.83753	5.85814e-09
7.626760e-06	1.83603	6.82928e-09
7.648740e-06	1.83451	7.95337e-09
7.670790e-06	1.83299	9.2532e-09
7.692900e-06	1.83145	1.07547e-08
7.715070e-06	1.8299	1.24875e-08
7.737310e-06	1.82833	1.44852e-08
7.759610e-06	1.82676	1.6786e-08
7.781980e-06	1.82516	1.94334e-08
7.804410e-06	1.82356	2.24766e-08
7.826900e-06	1.82194	2.59714e-08
7.849460e-06	1.82031	2.99809e-08
7.872090e-06	1.81866	3.45766e-08
7.894780e-06	1.81701	3.98392e-08
7.917530e-06	1.81533	4.58598e-08
7.940350e-06	1.81364	5.27411e-08
7.963240e-06	1.81194	6.0599e-08
7.986190e-06	1.81022	6.95636e-08
8.009210e-06	1.80849	7.97816e-08
8.032300e-06	1.80674	9.14175e-08
8.055450e-06	1.80498	1.04656e-07
8.078670e-06	1.8032	1.19704e-07
8.101960e-06	1.80141	1.36795e-07
8.125310e-06	1.7996	1.56187e-07
8.148730e-06	1.79778	1.78172e-07
8.172220e-06	1.79593	2.03074e-07
8.195770e-06	1.79408	2.31256e-07
8.219400e-06	1.7922	2.63121e-07
8.243090e-06	1.79031	2.99122e-07
8.266850e-06	1.7884	3.39759e-07
8.290670e-06	1.78648	3.85591e-07
8.314570e-06	1.78453	4.37237e-07
8.338540e-06	1.78257	4.95388e-07
8.362570e-06	1.78059	5.60808e-07
8.386680e-06	1.7786	6.34343e-07
8.410850e-06	1.77658	7.16935e-07
8.435090e-06	1.77455	8.09622e-07
8.459410e-06	1.77249	9.13553e-07
8.483790e-06	1.77042	1.03e-06
8.508240e-06	1.76833	1.16036e-06
8.532770e-06	1.76622	1.30619e-06
8.557360e-06	1.76409	1.46919e-06
8.582030e-06	1.76194	1.65124e-06
8.606760e-06	1.75977	1.85441e-06
8.631570e-06	1.75757	2.08097e-06
8.656450e-06	1.75536	2.33342e-06
8.681400e-06	1.75313	2.61452e-06
8.706430e-06	1.75087	2.92726e-06
8.731520e-06	1.74859	3.27496e-06
8.756690e-06	1.74629	3.66123e-06
8.781930e-06	1.74397	4.09003e-06
8.807240e-06	1.74162	4.56571e-06
8.832630e-06	1.73925	5.093e-06
8.858090e-06	1.73686	5.67709e-06
8.883620e-06	1.73444	6.32364e-06
8.909220e-06	1.732	7.03881e-06
8.934900e-06	1.72953	7.82936e-06
8.960660e-06	1.72704	8.70262e-06
8.986490e-06	1.72452	9.6666e-06
9.012390e-06	1.72198	1.073e-05
9.038360e-06	1.71941	1.19024e-05
9.064420e-06	1.71681	1.3194e-05
9.090540e-06	1.71419	1.46161e-05
9.116750e-06	1.71154	1.6181e-05
9.143020e-06	1.70886	1.79019e-05
9.169380e-06	1.70615	1.97934e-05
9.195810e-06	1.70341	2.18711e-05
9.222310e-06	1.70064	2.41523e-05
9.248900e-06	1.69785	2.66554e-05
9.275550e-06	1.69502	2.9401e-05
9.302290e-06	1.69216	3.24109e-05
9.329100e-06	1.68927	3.57094e-05
9.355990e-06	1.68634	3.93228e-05
9.382960e-06	1.68339	4.32796e-05
9.410010e-06	1.68039	4.76113e-05
9.437130e-06	1.67737	5.23522e-05
9.464330e-06	1.67431	5.75398e-05
9.491610e-06	1.67121	6.32154e-05
9.518970e-06	1.66808	6.94243e-05
9.546410e-06	1.66491	7.62163e-05
9.573920e-06	1.66171	8.36463e-05
9.601520e-06	1.65846	9.17752e-05
9.629190e-06	1.65518	0.00010067
9.656950e-06	1.65185	0.000110405
9.684780e-06	1.64849	0.000121063
9.712700e-06	1.64508	0.000132736
9.740690e-06	1.64163	0.000145525
9.768770e-06	1.63813	0.000159546
9.796930e-06	1.63459	0.000174926
9.825170e-06	1.631	0.000191806
9.853490e-06	1.62737	0.000210347
9.881890e-06	1.62369	0.000230728
9.910370e-06	1.61996	0.000253149
9.938940e-06	1.61618	0.000277836
9.967580e-06	1.61234	0.00030504
9.996310e-06	1.60845	0.000335046
1.002510e-05	1.60451	0.000368172
1.005400e-05	1.60051	0.000404774
1.008300e-05	1.59646	0.000445255
1.011210e-05	1.59234	0.000490062
1.014120e-05	1.58816	0.000539698
1.017040e-05	1.58393	0.000594727
1.019980e-05	1.57962	0.000655777
1.022920e-05	1.57525	0.000723551
1.025860e-05	1.57081	0.000798829
1.028820e-05	1.56631	0.000882484
1.031790e-05	1.56173	0.000975482
1.034760e-05	1.55707	0.0010789
1.037740e-05	1.55234	0.00119391
1.040730e-05	1.54753	0.00132185
1.043730e-05	1.54264	0.00146414
1.046740e-05	1.53766	0.00162239
1.049760e-05	1.5326	0.00179833
1.052790e-05	1.52745	0.00199389
1.055820e-05	1.52222	0.00221115
1.058860e-05	1.51688	0.0024524
1.061920e-05	1.51146	0.00272011
1.064980e-05	1.50593	0.00301697
1.068050e-05	1.5003	0.0033459
1.071120e-05	1.49457	0.00371003
1.074210e-05	1.48874	0.00411275
1.077310e-05	1.48279	0.00455769
1.080410e-05	1.47674	0.00504874
1.083530e-05	1.47057	0.00559006
1.086650e-05	1.46429	0.00618607
1.089780e-05	1.45789	0.00684146
1.092920e-05	1.45137	0.00756123
1.096070e-05	1.44474	0.00835061
1.099230e-05	1.43798	0.00921515
1.102400e-05	1.43109	0.0101606
1.105580e-05	1.42409	0.0111932
1.108770e-05	1.41696	0.0123191
1.111960e-05	1.4097	0.0135449
1.115170e-05	1.40233	0.0148775
1.118380e-05	1.39482	0.0163239
1.121600e-05	1.3872	0.0178913
1.124840e-05	1.37945	0.0195872
1.128080e-05	1.37158	0.021419
1.131330e-05	1.3636	0.0233945
1.134590e-05	1.3555	0.0255215
1.137860e-05	1.34729	0.0278076
1.141140e-05	1.33897	0.0302608
1.144430e-05	1.33055	0.0328887
1.147730e-05	1.32204	0.035699
1.151040e-05	1.31343	0.0386993
1.154360e-05	1.30474	0.0418967
1.157680e-05	1.29597	0.0452983
1.161020e-05	1.28713	0.0489109
1.164370e-05	1.27824	0.0527406
1.167720e-05	1.26929	0.0567933
1.171090e-05	1.2603	0.0610742
1.174460e-05	1.25129	0.0655879
1.177850e-05	1.24225	0.0703383
1.181240e-05	1.23321	0.0753285
1.184650e-05	1.22417	0.0805608
1.188060e-05	1.21516	0.0860364
1.191490e-05	1.20617	0.0917556
1.194920e-05	1.19723	0.0977176
1.198370e-05	1.18834	0.103921
1.201820e-05	1.17953	0.110361
1.205290e-05	1.17081	0.117035
1.208760e-05	1.16218	0.123937
1.212240e-05	1.15366	0.131059
1.215740e-05	1.14527	0.138394
1.219240e-05	1.13702	0.145932
1.222760e-05	1.12891	0.153662
1.226280e-05	1.12096	0.161572
1.229820e-05	1.11318	0.169649
1.233360e-05	1.10557	0.177879
1.236920e-05	1.09815	0.186247
1.240480e-05	1.09091	0.194737
1.244060e-05	1.08387	0.203333
1.247640e-05	1.07701	0.212017
1.251240e-05	1.07035	0.220773
1.254840e-05	1.06388	0.229583
1.258460e-05	1.0576	0.23843
1.262090e-05	1.0515	0.247298
1.265730e-05	1.04558	0.256171
1.269370e-05	1.03982	0.265032
1.273030e-05	1.03422	0.273868
1.276700e-05	1.02877	0.282665
1.280380e-05	1.02345	0.29141
1.284070e-05	1.01824	0.300094
1.287770e-05	1.01314	0.308707
1.291490e-05	1.00812	0.31724
1.295210e-05	1.00316	0.325689
1.298940e-05	0.998262	0.33405
1.302690e-05	0.993391	0.342319
1.306440e-05	0.988533	0.350497
1.310210e-05	0.983669	0.358585
1.313980e-05	0.97878	0.366586
1.317770e-05	0.973848	0.374506
1.321570e-05	0.968855	0.382351
1.325380e-05	0.963784	0.39013
1.329200e-05	0.958619	0.397853
1.333030e-05	0.953343	0.405533
1.336870e-05	0.947942	0.413182
1.340730e-05	0.942401	0.420817
1.344590e-05	0.936709	0.428453
1.348470e-05	0.930855	0.436108
1.352350e-05	0.924828	0.443801
1.356250e-05	0.918621	0.451553
1.360160e-05	0.912228	0.459385
1.364080e-05	0.905643	0.467319
1.368010e-05	0.898864	0.475378
1.371960e-05	0.891891	0.483585
1.375910e-05	0.884725	0.491964
1.379880e-05	0.877369	0.500541
1.383850e-05	0.869829	0.509339
1.387840e-05	0.862115	0.518382
1.391840e-05	0.854237	0.527696
1.395850e-05	0.846207	0.537304
1.399880e-05	0.838042	0.547228
1.403910e-05	0.829759	0.557491
1.407960e-05	0.82138	0.568113
1.412020e-05	0.812927	0.579113
1.416090e-05	0.804426	0.590507
1.420170e-05	0.795904	0.602311
1.424260e-05	0.78739	0.614535
1.428370e-05	0.778915	0.627188
1.432480e-05	0.77051	0.640279
1.436610e-05	0.762208	0.653806
1.440750e-05	0.754042	0.667771
1.444910e-05	0.746045	0.68217
1.449070e-05	0.738248	0.696994
1.453250e-05	0.730683	0.712233
1.457440e-05	0.723379	0.727872
1.461640e-05	0.716365	0.743895
1.465850e-05	0.709666	0.760281
1.470080e-05	0.703305	0.777009
1.474310e-05	0.697304	0.794054
1.478560e-05	0.691677	0.811394
1.482820e-05	0.686442	0.829
1.487100e-05	0.68161	0.846846
1.491390e-05	0.677189	0.864905
1.495680e-05	0.673186	0.883151
1.500000e-05	0.669604	0.901559
1.504320e-05	0.666444	0.920102
1.508650e-05	0.663707	0.938753
1.513000e-05	0.661388	0.957494
1.517360e-05	0.659484	0.976298
1.521740e-05	0.657989	0.995145
1.526120e-05	0.656894	1.01402
1.530520e-05	0.656193	1.0329
1.534930e-05	0.655876	1.05177
1.539360e-05	0.655934	1.07061
1.543800e-05	0.656357	1.08941
1.548250e-05	0.657133	1.10816
1.552710e-05	0.658253	1.12685
1.557180e-05	0.659705	1.14546
1.561670e-05	0.661479	1.16398
1.566170e-05	0.663563	1.18241
1.570690e-05	0.665948	1.20075
1.575220e-05	0.66862	1.21897
1.579760e-05	0.671572	1.23708
1.584310e-05	0.674792	1.25508
1.588880e-05	0.678269	1.27295
1.593460e-05	0.681996	1.2907
1.598050e-05	0.685961	1.30832
1.602650e-05	0.690156	1.3258
1.607270e-05	0.69457	1.34315
1.611910e-05	0.699198	1.36037
1.616550e-05	0.704029	1.37744
1.621210e-05	0.709054	1.39438
1.625890e-05	0.714268	1.41118
1.630570e-05	0.719661	1.42785
1.635270e-05	0.725227	1.44437
1.639980e-05	0.73096	1.46075
1.644710e-05	0.736851	1.47699
1.649450e-05	0.742895	1.49309
1.654210e-05	0.749085	1.50906
1.658980e-05	0.755416	1.52488
1.663760e-05	0.761881	1.54057
1.668550e-05	0.768477	1.55613
1.673360e-05	0.775195	1.57155
1.678190e-05	0.782032	1.58684
1.683020e-05	0.788983	1.60199
1.687870e-05	0.796043	1.61702
1.692740e-05	0.803207	1.63192
1.697620e-05	0.810472	1.6467
1.702510e-05	0.817834	1.66134
1.707420e-05	0.825287	1.67587
1.712340e-05	0.832829	1.69027
1.717280e-05	0.840455	1.70456
1.722220e-05	0.848163	1.71873
1.727190e-05	0.855948	1.73278
1.732170e-05	0.863808	1.74673
1.737160e-05	0.87174	1.76056
1.742170e-05	0.87974	1.77428
1.747190e-05	0.887806	1.7879
1.752230e-05	0.895935	1.80141
1.757280e-05	0.904125	1.81482
1.762340e-05	0.912373	1.82813
1.767420e-05	0.920676	1.84135
1.772510e-05	0.929034	1.85447
1.777620e-05	0.937443	1.8675
1.782750e-05	0.945902	1.88044
1.787890e-05	0.954409	1.8933
1.793040e-05	0.962962	1.90606
1.798210e-05	0.97156	1.91875
1.803390e-05	0.980201	1.93136
1.808590e-05	0.988884	1.94389
1.813800e-05	0.997608	1.95634
1.819030e-05	1.00637	1.96873
1.824270e-05	1.01518	1.98104
1.829530e-05	1.02402	1.99329
1.834800e-05	1.03289	2.00547
1.840090e-05	1.04181	2.0176
1.845400e-05	1.05076	2.02966
1.850720e-05	1.05975	2.04166
1.856050e-05	1.06877	2.05362
1.861400e-05	1.07783	2.06552
1.866770e-05	1.08693	2.07737
1.872150e-05	1.09606	2.08918
1.877540e-05	1.10522	2.10094
1.882950e-05	1.11443	2.11266
1.888380e-05	1.12367	2.12434
1.893830e-05	1.13295	2.13598
1.899280e-05	1.14227	2.14759
1.904760e-05	1.15163	2.15917
1.910250e-05	1.16103	2.17071
1.915750e-05	1.17047	2.18223
1.921280e-05	1.17995	2.19372
1.926810e-05	1.18948	2.20519
1.932370e-05	1.19906	2.21663
1.937940e-05	1.20869	2.22806
1.943520e-05	1.21836	2.23946
1.949130e-05	1.22809	2.25085
1.954740e-05	1.23787	2.26222
1.960380e-05	1.2477	2.27357
1.966030e-05	1.2576	2.28491
1.971700e-05	1.26755	2.29624
1.977380e-05	1.27757	2.30756
1.983080e-05	1.28765	2.31886
1.988790e-05	1.2978	2.33016
1.994530e-05	1.30802	2.34144
2.000280e-05	1.31831	2.35271
2.006040e-05	1.32868	2.36398
2.011820e-05	1.33912	2.37523
2.017620e-05	1.34965	2.38648
2.023440e-05	1.36026	2.39771
2.029270e-05	1.37095	2.40894
2.035120e-05	1.38173	2.42015
2.040990e-05	1.3926	2.43135
2.046870e-05	1.40356	2.44254
2.052770e-05	1.41463	2.45371
2.058680e-05	1.42578	2.46487
2.064620e-05	1.43704	2.47602
2.070570e-05	1.44841	2.48714
2.076540e-05	1.45987	2.49824
2.082520e-05	1.47145	2.50932
2.088530e-05	1.48313	2.52038
2.094550e-05	1.49493	2.53141
2.100580e-05	1.50684	2.54242
2.106640e-05	1.51887	2.55339
2.112710e-05	1.53101	2.56433
2.118800e-05	1.54328	2.57524
2.124910e-05	1.55566	2.5861
2.131030e-05	1.56817	2.59693
2.137170e-05	1.58079	2.60771
2.143330e-05	1.59355	2.61844
2.149510e-05	1.60642	2.62913
2.155710e-05	1.61943	2.63976
2.161920e-05	1.63256	2.65034
2.168150e-05	1.64581	2.66085
2.174400e-05	1.6592	2.67131
2.180670e-05	1.67271	2.6817
2.186960e-05	1.68634	2.69202
2.193260e-05	1.70011	2.70227
2.199580e-05	1.714	2.71244
2.205920e-05	1.72802	2.72254
2.212280e-05	1.74216	2.73255
2.218660e-05	1.75643	2.74249
2.225050e-05	1.77082	2.75233
2.231460e-05	1.78533	2.76209
2.237900e-05	1.79997	2.77176
2.244350e-05	1.81472	2.78132
2.250820e-05	1.82959	2.7908
2.257300e-05	1.84459	2.80017
2.263810e-05	1.85969	2.80944
2.270330e-05	1.87491	2.8186
2.276880e-05	1.89025	2.82766
2.283440e-05	1.90569	2.83661
2.290020e-05	1.92124	2.84545
2.296620e-05	1.9369	2.85418
2.303240e-05	1.95266	2.86279
2.309880e-05	1.96853	2.87128
2.316540e-05	1.9845	2.87966
2.323220e-05	2.00056	2.88792
2.329910e-05	2.01672	2.89606
2.336630e-05	2.03297	2.90408
2.343360e-05	2.04932	2.91198
2.350120e-05	2.06576	2.91975
2.356890e-05	2.08228	2.92741
2.363690e-05	2.09889	2.93494
2.370500e-05	2.11559	2.94234
2.377330e-05	2.13237	2.94962
2.384180e-05	2.14923	2.95678
2.391060e-05	2.16616	2.96381
2.397950e-05	2.18318	2.97071
2.404860e-05	2.20027	2.97749
2.411790e-05	2.21744	2.98415
2.418740e-05	2.23468	2.99068
2.425720e-05	2.25199	2.99708
2.432710e-05	2.26937	3.00337
2.439720e-05	2.28683	3.00952
2.446750e-05	2.30435	3.01556
2.453800e-05	2.32194	3.02147
2.460880e-05	2.3396	3.02725
2.467970e-05	2.35733	3.03292
2.475080e-05	2.37513	3.03846
2.482220e-05	2.39299	3.04387
2.489370e-05	2.41092	3.04917
2.496550e-05	2.42892	3.05434
2.503740e-05	2.44698	3.05939
2.510960e-05	2.46512	3.06431
2.518200e-05	2.48332	3.06912
2.525460e-05	2.50158	3.0738
2.532740e-05	2.51992	3.07835
2.540040e-05	2.53833	3.08278
2.547360e-05	2.5568	3.08709
2.554700e-05	2.57535	3.09127
2.562060e-05	2.59397	3.09533
2.569450e-05	2.61266	3.09925
2.576850e-05	2.63142	3.10305
2.584280e-05	2.65026	3.10672
2.591730e-05	2.66917	3.11026
2.599200e-05	2.68816	3.11366
2.606690e-05	2.70722	3.11693
2.614210e-05	2.72636	3.12006
2.621740e-05	2.74558	3.12305
2.629300e-05	2.76487	3.1259
2.636880e-05	2.78425	3.12861
2.644480e-05	2.8037	3.13117
2.652100e-05	2.82324	3.13358
2.659740e-05	2.84285	3.13584
2.667410e-05	2.86254	3.13794
2.675100e-05	2.88231	3.13989
2.682810e-05	2.90217	3.14167
2.690540e-05	2.9221	3.14329
2.698300e-05	2.94211	3.14474
2.706080e-05	2.96221	3.14602
2.713880e-05	2.98238	3.14712
2.721700e-05	3.00262	3.14804
2.729540e-05	3.02295	3.14878
2.737410e-05	3.04335	3.14933
2.745300e-05	3.06382	3.14968
2.753210e-05	3.08436	3.14985
2.761150e-05	3.10497	3.14981
2.769110e-05	3.12565	3.14957
2.777090e-05	3.1464	3.14912
2.785090e-05	3.16721	3.14846
2.793120e-05	3.18808	3.14758
2.801170e-05	3.209	3.14648
2.809250e-05	3.22998	3.14515
2.817340e-05	3.25101	3.1436
2.825460e-05	3.27209	3.14182
2.833610e-05	3.2932	3.1398
2.841780e-05	3.31436	3.13754
2.849970e-05	3.33555	3.13503
2.858180e-05	3.35677	3.13228
2.866420e-05	3.37801	3.12928
2.874680e-05	3.39928	3.12603
2.882970e-05	3.42056	3.12252
2.891280e-05	3.44184	3.11875
2.899610e-05	3.46314	3.11471
2.907970e-05	3.48443	3.11042
2.916350e-05	3.50571	3.10585
2.924760e-05	3.52698	3.10102
2.933190e-05	3.54823	3.09591
2.941640e-05	3.56945	3.09054
2.950120e-05	3.59064	3.08488
2.958620e-05	3.61179	3.07896
2.967150e-05	3.6329	3.07275
2.975700e-05	3.65396	3.06627
2.984280e-05	3.67496	3.05951
2.992880e-05	3.69589	3.05247
3.001510e-05	3.71675	3.04515
3.010160e-05	3.73753	3.03756
3.018840e-05	3.75823	3.02968
3.027540e-05	3.77883	3.02153
3.036270e-05	3.79933	3.0131
3.045020e-05	3.81973	3.00439
3.053790e-05	3.84002	2.99542
3.062600e-05	3.86018	2.98616
3.071420e-05	3.88022	2.97664
3.080280e-05	3.90012	2.96685
3.089160e-05	3.91989	2.95679
3.098060e-05	3.93951	2.94647
3.106990e-05	3.95897	2.93589
3.115950e-05	3.97827	2.92505
3.124930e-05	3.99741	2.91395
3.133930e-05	4.01638	2.90261
3.142970e-05	4.03516	2.89101
3.152030e-05	4.05377	2.87918
3.161110e-05	4.07218	2.8671
3.170220e-05	4.09039	2.85479
3.179360e-05	4.10841	2.84224
3.188530e-05	4.12621	2.82947
3.197720e-05	4.1438	2.81648
3.206930e-05	4.16118	2.80328
3.216180e-05	4.17833	2.78986
3.225450e-05	4.19526	2.77623
3.234740e-05	4.21195	2.76241
3.244070e-05	4.22841	2.74839
3.253420e-05	4.24462	2.73418
3.262800e-05	4.26059	2.71979
3.272200e-05	4.27631	2.70522
3.281630e-05	4.29178	2.69048
3.291090e-05	4.307	2.67557
3.300580e-05	4.32195	2.6605
3.310090e-05	4.33664	2.64529
3.319630e-05	4.35107	2.62992
3.329200e-05	4.36523	2.61442
3.338800e-05	4.37912	2.59878
3.348420e-05	4.39273	2.58301
3.358070e-05	4.40608	2.56713
3.367750e-05	4.41914	2.55113
3.377460e-05	4.43193	2.53502
3.387190e-05	4.44444	2.51882
3.396960e-05	4.45667	2.50252
3.406750e-05	4.46862	2.48613
3.416570e-05	4.48029	2.46966
3.426410e-05	4.49167	2.45312
3.436290e-05	4.50277	2.43651
3.446200e-05	4.51359	2.41984
3.456130e-05	4.52412	2.40311
3.466090e-05	4.53438	2.38634
3.476080e-05	4.54435	2.36953
3.486100e-05	4.55403	2.35268
3.496150e-05	4.56344	2.33581
3.506230e-05	4.57257	2.31891
3.516330e-05	4.58141	2.302
3.526470e-05	4.58998	2.28507
3.536630e-05	4.59828	2.26814
3.546830e-05	4.6063	2.25122
3.557050e-05	4.61404	2.2343
3.567300e-05	4.62152	2.2174
3.577580e-05	4.62872	2.20052
3.587900e-05	4.63566	2.18366
3.598240e-05	4.64234	2.16683
3.608610e-05	4.64875	2.15004
3.619010e-05	4.6549	2.13329
3.629440e-05	4.6608	2.11659
3.639900e-05	4.66644	2.09993
3.650400e-05	4.67184	2.08334
3.660920e-05	4.67698	2.06681
3.671470e-05	4.68188	2.05034
3.682050e-05	4.68654	2.03394
3.692660e-05	4.69096	2.01762
3.703310e-05	4.69515	2.00137
3.713980e-05	4.6991	1.98521
3.724690e-05	4.70283	1.96914
3.735420e-05	4.70634	1.95316
3.746190e-05	4.70962	1.93727
3.756990e-05	4.71269	1.92149
3.767820e-05	4.71555	1.9058
3.778680e-05	4.7182	1.89022
3.789570e-05	4.72065	1.87475
3.800490e-05	4.72289	1.85939
3.811450e-05	4.72494	1.84414
3.822430e-05	4.7268	1.82902
3.833450e-05	4.72847	1.81401
3.844500e-05	4.72995	1.79913
3.855580e-05	4.73126	1.78437
3.866690e-05	4.73239	1.76973
3.877840e-05	4.73335	1.75523
3.889020e-05	4.73414	1.74086
3.900230e-05	4.73477	1.72662
3.911470e-05	4.73524	1.71252
3.922740e-05	4.73556	1.69855
3.934050e-05	4.73573	1.68472
3.945390e-05	4.73575	1.67104
3.956760e-05	4.73563	1.65749
3.968170e-05	4.73537	1.64408
3.979600e-05	4.73498	1.63082
3.991070e-05	4.73446	1.6177
4.002580e-05	4.73382	1.60473
4.014120e-05	4.73306	1.5919
4.025690e-05	4.73217	1.57922
4.037290e-05	4.73118	1.56668
4.048930e-05	4.73007	1.55429
4.060600e-05	4.72886	1.54205
4.072300e-05	4.72755	1.52996
4.084040e-05	4.72615	1.51801
4.095810e-05	4.72465	1.50621
4.107620e-05	4.72306	1.49456
4.119460e-05	4.72138	1.48305
4.131330e-05	4.71962	1.47169
4.143240e-05	4.71778	1.46048
4.155180e-05	4.71587	1.44941
4.167160e-05	4.71388	1.43849
4.179170e-05	4.71183	1.42772
4.191210e-05	4.70971	1.41708
4.203300e-05	4.70753	1.40659
4.215410e-05	4.7053	1.39625
4.227560e-05	4.703	1.38604
4.239750e-05	4.70066	1.37598
4.251970e-05	4.69826	1.36606
4.264220e-05	4.69582	1.35627
4.276510e-05	4.69334	1.34663
4.288840e-05	4.69081	1.33711
4.301200e-05	4.68825	1.32774
4.313600e-05	4.68565	1.3185
4.326030e-05	4.68302	1.30939
4.338500e-05	4.68037	1.30041
4.351010e-05	4.67768	1.29157
4.363550e-05	4.67497	1.28285
4.376130e-05	4.67224	1.27426
4.388740e-05	4.66948	1.26579
4.401390e-05	4.66671	1.25745
4.414080e-05	4.66393	1.24924
4.426800e-05	4.66113	1.24114
4.439560e-05	4.65832	1.23316
4.452360e-05	4.6555	1.2253
4.465190e-05	4.65267	1.21756
4.478060e-05	4.64983	1.20994
4.490970e-05	4.647	1.20242
4.503910e-05	4.64416	1.19502
4.516890e-05	4.64132	1.18773
4.529910e-05	4.63848	1.18055
4.542970e-05	4.63564	1.17347
4.556060e-05	4.63281	1.1665
4.569200e-05	4.62998	1.15963
4.582370e-05	4.62716	1.15286
4.595580e-05	4.62435	1.1462
4.608820e-05	4.62155	1.13963
4.622110e-05	4.61876	1.13316
4.635430e-05	4.61598	1.12678
4.648790e-05	4.61322	1.12049
4.662190e-05	4.61047	1.1143
4.675630e-05	4.60773	1.1082
4.689100e-05	4.60501	1.10219
4.702620e-05	4.6023	1.09626
4.716170e-05	4.59962	1.09042
4.729770e-05	4.59695	1.08466
4.743400e-05	4.5943	1.07898
4.757070e-05	4.59167	1.07339
4.770790e-05	4.58907	1.06787
4.784540e-05	4.58648	1.06243
4.798330e-05	4.58391	1.05706
4.812160e-05	4.58137	1.05177
4.826030e-05	4.57885	1.04655
4.839940e-05	4.57636	1.0414
4.853890e-05	4.57388	1.03632
4.867880e-05	4.57144	1.03131
4.881910e-05	4.56901	1.02637
4.895980e-05	4.56661	1.02149
4.910090e-05	4.56424	1.01668
4.924250e-05	4.56189	1.01193
4.938440e-05	4.55957	1.00723
4.952680e-05	4.55727	1.0026
4.966950e-05	4.555	0.99803
4.981270e-05	4.55276	0.993514
4.995630e-05	4.55054	0.989054
5.010020e-05	4.54835	0.984648
5.024470e-05	4.54619	0.980296
5.038950e-05	4.54405	0.975996
5.053470e-05	4.54194	0.971747
5.068040e-05	4.53985	0.967548
5.082650e-05	4.53779	0.963397
5.097300e-05	4.53576	0.959294
5.111990e-05	4.53376	0.955238
5.126720e-05	4.53178	0.951227
5.141500e-05	4.52983	0.94726
5.156320e-05	4.5279	0.943336
5.171180e-05	4.526	0.939455
5.186090e-05	4.52413	0.935614
5.201040e-05	4.52228	0.931815
5.216030e-05	4.52046	0.928054
5.231060e-05	4.51867	0.924332
5.246140e-05	4.5169	0.920647
5.261260e-05	4.51515	0.917
5.276430e-05	4.51343	0.913387
5.291630e-05	4.51174	0.90981
5.306890e-05	4.51007	0.906267
5.322180e-05	4.50842	0.902757
5.337520e-05	4.5068	0.899279
5.352910e-05	4.50521	0.895834
5.368340e-05	4.50363	0.892419
5.383810e-05	4.50208	0.889035
5.399330e-05	4.50056	0.88568
5.414890e-05	4.49906	0.882353
5.430500e-05	4.49758	0.879056
5.446150e-05	4.49612	0.875785
5.461850e-05	4.49468	0.872541
5.477590e-05	4.49327	0.869324
5.493380e-05	4.49188	0.866132
5.509220e-05	4.49051	0.862966
5.525100e-05	4.48916	0.859824
5.541020e-05	4.48783	0.856705
5.556990e-05	4.48653	0.85361
5.573010e-05	4.48524	0.850538
5.589070e-05	4.48397	0.847488
5.605180e-05	4.48273	0.84446
5.621340e-05	4.4815	0.841454
5.637540e-05	4.48029	0.838468
5.653790e-05	4.4791	0.835503
5.670090e-05	4.47793	0.832557
5.686430e-05	4.47678	0.829631
5.702820e-05	4.47565	0.826724
5.719260e-05	4.47453	0.823836
5.735750e-05	4.47343	0.820967
5.752280e-05	4.47235	0.818115
5.768860e-05	4.47129	0.81528
5.785490e-05	4.47024	0.812463
5.802160e-05	4.46921	0.809663
5.818890e-05	4.4682	0.806879
5.835660e-05	4.4672	0.804111
5.852480e-05	4.46621	0.801359
5.869350e-05	4.46524	0.798623
5.886270e-05	4.46429	0.795901
5.903230e-05	4.46335	0.793195
5.920250e-05	4.46243	0.790503
5.937310e-05	4.46152	0.787826
5.954430e-05	4.46062	0.785163
5.971590e-05	4.45974	0.782514
5.988800e-05	4.45888	0.779878
6.006060e-05	4.45802	0.777256
6.023370e-05	4.45718	0.774647
6.040740e-05	4.45635	0.772051
6.058150e-05	4.45553	0.769467
6.075610e-05	4.45473	0.766896
6.093120e-05	4.45394	0.764337
6.110680e-05	4.45316	0.76179
6.128300e-05	4.45239	0.759255
6.145960e-05	4.45163	0.756732
6.163680e-05	4.45089	0.754221
6.181440e-05	4.45015	0.75172
6.199260e-05	4.44943	0.749231
6.217130e-05	4.44872	0.746753
6.235050e-05	4.44801	0.744286
6.253020e-05	4.44732	0.741829
6.271040e-05	4.44664	0.739383
6.289120e-05	4.44597	0.736948
6.307250e-05	4.4453	0.734523
6.325430e-05	4.44465	0.732107
6.343660e-05	4.444	0.729702
6.361940e-05	4.44337	0.727307
6.380280e-05	4.44274	0.724922
6.398670e-05	4.44212	0.722546
6.417120e-05	4.44151	0.72018
6.435610e-05	4.44091	0.717823
6.454160e-05	4.44032	0.715475
6.472770e-05	4.43974	0.713137
6.491420e-05	4.43916	0.710808
6.510130e-05	4.43859	0.708488
6.528900e-05	4.43803	0.706177
6.547720e-05	4.43747	0.703874
6.566590e-05	4.43693	0.701581
6.585520e-05	4.43639	0.699296
6.604500e-05	4.43585	0.69702
6.623540e-05	4.43533	0.694752
6.642630e-05	4.43481	0.692493
6.661770e-05	4.43429	0.690242
6.680980e-05	4.43379	0.687999
6.700230e-05	4.43329	0.685765
6.719550e-05	4.43279	0.683538
6.738910e-05	4.43231	0.68132
6.758340e-05	4.43182	0.67911
6.777820e-05	4.43135	0.676908
6.797350e-05	4.43088	0.674714
6.816950e-05	4.43041	0.672528
6.836600e-05	4.42995	0.670349
6.856300e-05	4.4295	0.668178
6.876060e-05	4.42905	0.666015
6.895880e-05	4.42861	0.66386
6.915760e-05	4.42817	0.661712
6.935690e-05	4.42773	0.659571
6.955680e-05	4.42731	0.657439
6.975730e-05	4.42688	0.655313
6.995840e-05	4.42646	0.653195
7.016000e-05	4.42605	0.651085
7.036230e-05	4.42564	0.648982
7.056510e-05	4.42523	0.646886
7.076850e-05	4.42483	0.644797
7.097250e-05	4.42443	0.642715
7.117700e-05	4.42404	0.640641
7.138220e-05	4.42365	0.638574
7.158790e-05	4.42326	0.636514
7.179430e-05	4.42288	0.634461
7.200120e-05	4.4225	0.632415
7.220880e-05	4.42213	0.630376
7.241690e-05	4.42176	0.628344
7.262560e-05	4.42139	0.626318
7.283500e-05	4.42103	0.6243
7.304490e-05	4.42067	0.622289
7.325540e-05	4.42031	0.620284
7.346660e-05	4.41996	0.618287
7.367830e-05	4.41961	0.616296
7.389070e-05	4.41926	0.614312
7.410370e-05	4.41892	0.612334
7.431730e-05	4.41858	0.610363
7.453150e-05	4.41824	0.608399
7.474630e-05	4.41791	0.606442
7.496180e-05	4.41758	0.604491
7.517780e-05	4.41725	0.602547
7.539450e-05	4.41692	0.600609
7.561190e-05	4.4166	0.598678
7.582980e-05	4.41628	0.596754
7.604840e-05	4.41596	0.594836
7.626760e-05	4.41565	0.592924
7.648740e-05	4.41534	0.591019
7.670790e-05	4.41503	0.58912
7.692900e-05	4.41472	0.587228
7.715070e-05	4.41441	0.585342
7.737310e-05	4.41411	0.583462
7.759610e-05	4.41381	0.581589
7.781980e-05	4.41351	0.579722
7.804410e-05	4.41322	0.577862
7.826900e-05	4.41293	0.576007
7.849460e-05	4.41264	0.574159
7.872090e-05	4.41235	0.572317
7.894780e-05	4.41206	0.570482
7.917530e-05	4.41178	0.568652
7.940350e-05	4.41149	0.566829
7.963240e-05	4.41121	0.565012
7.986190e-05	4.41093	0.563201
8.009210e-05	4.41066	0.561396
8.032300e-05	4.41038	0.559597
8.055450e-05	4.41011	0.557805
8.078670e-05	4.40984	0.556018
8.101960e-05	4.40957	0.554237
8.125310e-05	4.4093	0.552463
8.148730e-05	4.40904	0.550694
8.172220e-05	4.40877	0.548932
8.195770e-05	4.40851	0.547175
8.219400e-05	4.40825	0.545424
8.243090e-05	4.40799	0.54368
8.266850e-05	4.40774	0.541941
8.290670e-05	4.40748	0.540208
8.314570e-05	4.40723	0.538481
8.338540e-05	4.40698	0.53676
8.362570e-05	4.40673	0.535044
8.386680e-05	4.40648	0.533335
8.410850e-05	4.40623	0.531631
8.435090e-05	4.40598	0.529933
8.459410e-05	4.40574	0.528241
8.483790e-05	4.4055	0.526554
8.508240e-05	4.40526	0.524873
8.532770e-05	4.40502	0.523198
8.557360e-05	4.40478	0.521529
8.582030e-05	4.40454	0.519865
8.606760e-05	4.4043	0.518207
8.631570e-05	4.40407	0.516555
8.656450e-05	4.40384	0.514908
8.681400e-05	4.40361	0.513267
8.706430e-05	4.40337	0.511631
8.731520e-05	4.40315	0.510001
8.756690e-05	4.40292	0.508376
8.781930e-05	4.40269	0.506757
8.807240e-05	4.40247	0.505144
8.832630e-05	4.40224	0.503536
8.858090e-05	4.40202	0.501933
8.883620e-05	4.4018	0.500336
8.909220e-05	4.40158	0.498745
8.934900e-05	4.40136	0.497159
8.960660e-05	4.40114	0.495578
8.986490e-05	4.40092	0.494002
9.012390e-05	4.40071	0.492432
9.038360e-05	4.40049	0.490868
9.064420e-05	4.40028	0.489309
9.090540e-05	4.40007	0.487755
9.116750e-05	4.39985	0.486206
9.143020e-05	4.39964	0.484663
9.169380e-05	4.39943	0.483124
9.195810e-05	4.39923	0.481592
9.222310e-05	4.39902	0.480064
9.248900e-05	4.39881	0.478542
9.275550e-05	4.39861	0.477024
9.302290e-05	4.3984	0.475512
9.329100e-05	4.3982	0.474006
9.355990e-05	4.398	0.472504
9.382960e-05	4.3978	0.471007
9.410010e-05	4.3976	0.469516
9.437130e-05	4.3974	0.46803
9.464330e-05	4.3972	0.466548
9.491610e-05	4.397	0.465072
9.518970e-05	4.39681	0.463601
9.546410e-05	4.39661	0.462135
9.573920e-05	4.39642	0.460674
9.601520e-05	4.39622	0.459218
9.629190e-05	4.39603	0.457767
9.656950e-05	4.39584	0.45632
9.684780e-05	4.39565	0.454879
9.712700e-05	4.39546	0.453443
9.740690e-05	4.39527	0.452012
9.768770e-05	4.39508	0.450585
9.796930e-05	4.3949	0.449164
9.825170e-05	4.39471	0.447747
9.853490e-05	4.39453	0.446335
9.881890e-05	4.39434	0.444928
9.910370e-05	4.39416	0.443526
9.938940e-05	4.39397	0.442128
9.967580e-05	4.39379	0.440736
9.996310e-05	4.39361	0.439348
1.002510e-04	4.39343	0.437965
1.005400e-04	4.39325	0.436586
1.008300e-04	4.39307	0.435213
1.011210e-04	4.3929	0.433844
1.014120e-04	4.39272	0.432479
1.017040e-04	4.39254	0.43112
1.019980e-04	4.39237	0.429765
1.022920e-04	4.39219	0.428415
1.025860e-04	4.39202	0.427069
1.028820e-04	4.39185	0.425728
1.031790e-04	4.39168	0.424391
1.034760e-04	4.3915	0.423059
1.037740e-04	4.39133	0.421732
1.040730e-04	4.39116	0.420409
1.043730e-04	4.39099	0.419091
1.046740e-04	4.39083	0.417777
1.049760e-04	4.39066	0.416467
1.052790e-04	4.39049	0.415163
1.055820e-04	4.39033	0.413862
1.058860e-04	4.39016	0.412566
1.061920e-04	4.39	0.411275
1.064980e-04	4.38983	0.409987
1.068050e-04	4.38967	0.408705
1.071120e-04	4.38951	0.407426
1.074210e-04	4.38935	0.406152
1.077310e-04	4.38919	0.404883
1.080410e-04	4.38903	0.403617
1.083530e-04	4.38887	0.402356
1.086650e-04	4.38871	0.4011
1.089780e-04	4.38855	0.399847
1.092920e-04	4.38839	0.398599
1.096070e-04	4.38824	0.397355
1.099230e-04	4.38808	0.396115
1.102400e-04	4.38792	0.39488
1.105580e-04	4.38777	0.393649
1.108770e-04	4.38762	0.392422
1.111960e-04	4.38746	0.391199
1.115170e-04	4.38731	0.38998
1.118380e-04	4.38716	0.388765
1.121600e-04	4.38701	0.387555
1.124840e-04	4.38686	0.386349
1.128080e-04	4.38671	0.385146
1.131330e-04	4.38656	0.383948
1.134590e-04	4.38641	0.382754
1.137860e-04	4.38626	0.381564
1.141140e-04	4.38612	0.380378
1.144430e-04	4.38597	0.379196
1.147730e-04	4.38582	0.378018
1.151040e-04	4.38568	0.376844
1.154360e-04	4.38554	0.375674
1.157680e-04	4.38539	0.374508
1.161020e-04	4.38525	0.373346
1.164370e-04	4.38511	0.372188
1.167720e-04	4.38496	0.371034
1.171090e-04	4.38482	0.369884
1.174460e-04	4.38468	0.368737
1.177850e-04	4.38454	0.367595
1.181240e-04	4.3844	0.366456
1.184650e-04	4.38426	0.365322
1.188060e-04	4.38413	0.364191
1.191490e-04	4.38399	0.363063
1.194920e-04	4.38385	0.36194
1.198370e-04	4.38372	0.360821
1.201820e-04	4.38358	0.359705
1.205290e-04	4.38345	0.358593
1.208760e-04	4.38331	0.357485
1.212240e-04	4.38318	0.35638
1.215740e-04	4.38304	0.355279
1.219240e-04	4.38291	0.354182
1.222760e-04	4.38278	0.353089
1.226280e-04	4.38265	0.351999
1.229820e-04	4.38252	0.350913
1.233360e-04	4.38239	0.349831
1.236920e-04	4.38226	0.348752
1.240480e-04	4.38213	0.347677
1.244060e-04	4.382	0.346606
1.247640e-04	4.38187	0.345538
1.251240e-04	4.38174	0.344474
