Wavelength(m)	n	k
# material: ITO
# source: A. Minenkov, S. Hollweger, J. Duchoslav, O. Erdene-Ochir, M. Weise, E. Ermilova, A. Hertwig, M. Schiek. Monitoring the electrochemical failure of indium tin oxide electrodes via operando ellipsometry. ACS Appl Mater Interfaces 16, 9517-9531 (2024) (Numerical data kindly provided by Manuela Schiek)
# conditions: 110 nm thick ITO layer on glass type XY15S purchased from Xinyan Technology LTD.
# upstream: polyanskiy/refractiveindex.info-database@ff11b58 other/mixed crystals/In2O3-SnO2/nk/Minenkov-glass.yml
# type: tabulated nk
# range: 1.9146e-07 - 1.6887e-06 m
# converted: 2026-07-31 (wavelength um -> m)
1.914600e-07	2.04232	0.59569
1.930500e-07	2.05161	0.60194
1.946500e-07	2.06105	0.6071
1.962500e-07	2.07055	0.61126
1.978400e-07	2.08003	0.61447
1.994400e-07	2.08942	0.61682
2.010400e-07	2.09867	0.61839
2.026300e-07	2.10773	0.61925
2.042300e-07	2.11656	0.61948
2.058300e-07	2.12515	0.61915
2.074200e-07	2.13346	0.61834
2.090200e-07	2.1415	0.6171
2.106200e-07	2.14925	0.61551
2.122200e-07	2.15672	0.61363
2.138100e-07	2.16392	0.61152
2.154100e-07	2.17086	0.60923
2.170100e-07	2.17756	0.60682
2.186000e-07	2.18405	0.60433
2.202000e-07	2.19036	0.6018
2.218000e-07	2.19652	0.59928
2.234000e-07	2.20258	0.59679
2.249900e-07	2.20857	0.59437
2.265900e-07	2.21454	0.59203
2.281900e-07	2.22055	0.5898
2.297900e-07	2.22664	0.58767
2.313900e-07	2.23288	0.58566
2.329800e-07	2.23933	0.58374
2.345800e-07	2.24605	0.58192
2.361800e-07	2.25311	0.58015
2.377800e-07	2.26057	0.5784
2.393800e-07	2.26848	0.57661
2.409700e-07	2.27692	0.57473
2.425700e-07	2.28593	0.57267
2.441700e-07	2.29556	0.57033
2.457700e-07	2.30584	0.5676
2.473700e-07	2.31678	0.56436
2.489700e-07	2.32839	0.56046
2.505700e-07	2.34064	0.55577
2.521600e-07	2.35346	0.55012
2.537600e-07	2.36678	0.54335
2.553600e-07	2.38045	0.53532
2.569600e-07	2.39432	0.5259
2.585600e-07	2.40818	0.51496
2.601600e-07	2.42182	0.50245
2.617600e-07	2.43496	0.48832
2.633600e-07	2.44735	0.47261
2.649600e-07	2.45872	0.45539
2.665600e-07	2.46881	0.4368
2.681500e-07	2.47739	0.41703
2.697500e-07	2.48429	0.39631
2.713500e-07	2.48937	0.37491
2.729500e-07	2.49256	0.35312
2.745500e-07	2.49385	0.33122
2.761500e-07	2.49328	0.3095
2.777500e-07	2.49094	0.2882
2.793500e-07	2.48696	0.26754
2.809500e-07	2.48152	0.2477
2.825500e-07	2.47478	0.22882
2.841500e-07	2.46693	0.211
2.857500e-07	2.45816	0.19431
2.873500e-07	2.44864	0.17876
2.889500e-07	2.43853	0.16437
2.905500e-07	2.428	0.15112
2.921500e-07	2.41717	0.13897
2.937500e-07	2.40615	0.12787
2.953500e-07	2.39505	0.11776
2.969500e-07	2.38395	0.10859
2.985500e-07	2.37292	0.1003
3.001500e-07	2.36201	0.09282
3.017500e-07	2.35127	0.08609
3.033500e-07	2.34075	0.08005
3.049500e-07	2.33046	0.07464
3.065500e-07	2.32044	0.06982
3.081500e-07	2.31069	0.06553
3.097500e-07	2.30124	0.06173
3.113500e-07	2.29209	0.05837
3.129500e-07	2.28326	0.05542
3.145500e-07	2.27475	0.05284
3.161500e-07	2.26658	0.0506
3.177500e-07	2.25875	0.04868
3.193500e-07	2.25133	0.04703
3.209500e-07	2.24435	0.0455
3.225500e-07	2.23769	0.04403
3.241600e-07	2.23129	0.0426
3.257600e-07	2.22512	0.04122
3.273600e-07	2.21914	0.03989
3.289600e-07	2.21335	0.03861
3.305600e-07	2.20773	0.03737
3.321600e-07	2.20226	0.03617
3.337600e-07	2.19692	0.03502
3.353600e-07	2.19173	0.03391
3.369600e-07	2.18665	0.03284
3.385600e-07	2.1817	0.0318
3.401600e-07	2.17685	0.03081
3.417600e-07	2.17211	0.02985
3.433600e-07	2.16746	0.02893
3.449700e-07	2.16291	0.02804
3.465700e-07	2.15846	0.02718
3.481700e-07	2.15408	0.02635
3.497700e-07	2.14979	0.02556
3.513700e-07	2.14558	0.02479
3.529700e-07	2.14144	0.02406
3.545700e-07	2.13738	0.02335
3.561700e-07	2.13338	0.02266
3.577700e-07	2.12945	0.022
3.593800e-07	2.12559	0.02137
3.609800e-07	2.12179	0.02076
3.625800e-07	2.11804	0.02017
3.641800e-07	2.11436	0.01961
3.657800e-07	2.11073	0.01907
3.673800e-07	2.10716	0.01854
3.689800e-07	2.10364	0.01804
3.705800e-07	2.10017	0.01756
3.721900e-07	2.09675	0.01709
3.737900e-07	2.09337	0.01664
3.753900e-07	2.09005	0.01621
3.769900e-07	2.08676	0.0158
3.785900e-07	2.08352	0.0154
3.801900e-07	2.08033	0.01502
3.817900e-07	2.07717	0.01465
3.833900e-07	2.07406	0.0143
3.850000e-07	2.07098	0.01396
3.866000e-07	2.06794	0.01363
3.882000e-07	2.06494	0.01332
3.898000e-07	2.06197	0.01301
3.914000e-07	2.05903	0.01272
3.930000e-07	2.05613	0.01244
3.946000e-07	2.05327	0.01218
3.962100e-07	2.05043	0.01192
3.978100e-07	2.04762	0.01167
3.994100e-07	2.04485	0.01144
4.010100e-07	2.0421	0.01121
4.026100e-07	2.03938	0.01099
4.042100e-07	2.03669	0.01078
4.058100e-07	2.03403	0.01058
4.074200e-07	2.03139	0.01039
4.090200e-07	2.02878	0.01021
4.106200e-07	2.0262	0.01003
4.122200e-07	2.02364	0.00986
4.138200e-07	2.0211	0.0097
4.154200e-07	2.01858	0.00955
4.170200e-07	2.01609	0.0094
4.186300e-07	2.01362	0.00926
4.202300e-07	2.01116	0.00912
4.218300e-07	2.00873	0.00899
4.234300e-07	2.00632	0.00887
4.250300e-07	2.00393	0.00875
4.266300e-07	2.00156	0.00864
4.282300e-07	1.99921	0.00853
4.298400e-07	1.99688	0.00843
4.314400e-07	1.99456	0.00834
4.330400e-07	1.99226	0.00824
4.346400e-07	1.98998	0.00816
4.362400e-07	1.98771	0.00807
4.378400e-07	1.98546	0.008
4.394400e-07	1.98323	0.00792
4.410500e-07	1.981	0.00785
4.426500e-07	1.9788	0.00779
4.442500e-07	1.97661	0.00773
4.458500e-07	1.97443	0.00767
4.474500e-07	1.97227	0.00761
4.490500e-07	1.97012	0.00756
4.506500e-07	1.96798	0.00751
4.522500e-07	1.96586	0.00747
4.538600e-07	1.96375	0.00743
4.554600e-07	1.96164	0.00739
4.570600e-07	1.95956	0.00735
4.586600e-07	1.95748	0.00732
4.602600e-07	1.95541	0.00729
4.618600e-07	1.95336	0.00727
4.634600e-07	1.95131	0.00724
4.650600e-07	1.94928	0.00722
4.666700e-07	1.94725	0.0072
4.682700e-07	1.94524	0.00719
4.698700e-07	1.94323	0.00717
4.714700e-07	1.94123	0.00716
4.730700e-07	1.93925	0.00715
4.746700e-07	1.93727	0.00715
4.762700e-07	1.9353	0.00714
4.778700e-07	1.93333	0.00714
4.794700e-07	1.93138	0.00714
4.810700e-07	1.92943	0.00714
4.826700e-07	1.92749	0.00714
4.842800e-07	1.92556	0.00715
4.858800e-07	1.92364	0.00715
4.874800e-07	1.92172	0.00716
4.890800e-07	1.91981	0.00718
4.906800e-07	1.9179	0.00719
4.922800e-07	1.91601	0.0072
4.938800e-07	1.91411	0.00722
4.954800e-07	1.91223	0.00724
4.970800e-07	1.91035	0.00725
4.986800e-07	1.90847	0.00728
5.002800e-07	1.9066	0.0073
5.018800e-07	1.90474	0.00732
5.034800e-07	1.90288	0.00735
5.050800e-07	1.90103	0.00737
5.066800e-07	1.89918	0.0074
5.082800e-07	1.89733	0.00743
5.098900e-07	1.89549	0.00746
5.114900e-07	1.89366	0.00749
5.130900e-07	1.89183	0.00753
5.146900e-07	1.89	0.00756
5.162900e-07	1.88817	0.0076
5.178900e-07	1.88635	0.00764
5.194900e-07	1.88454	0.00767
5.210900e-07	1.88273	0.00771
5.226900e-07	1.88092	0.00775
5.242900e-07	1.87911	0.0078
5.258900e-07	1.87731	0.00784
5.274900e-07	1.87551	0.00788
5.290900e-07	1.87371	0.00793
5.306900e-07	1.87192	0.00797
5.322900e-07	1.87013	0.00802
5.338900e-07	1.86834	0.00807
5.354900e-07	1.86655	0.00812
5.370900e-07	1.86477	0.00817
5.386800e-07	1.86299	0.00822
5.402800e-07	1.86121	0.00828
5.418800e-07	1.85943	0.00833
5.434800e-07	1.85765	0.00838
5.450800e-07	1.85588	0.00844
5.466800e-07	1.85411	0.0085
5.482800e-07	1.85234	0.00855
5.498800e-07	1.85057	0.00861
5.514800e-07	1.8488	0.00867
5.530800e-07	1.84703	0.00873
5.546800e-07	1.84527	0.0088
5.562800e-07	1.8435	0.00886
5.578800e-07	1.84174	0.00892
5.594800e-07	1.83998	0.00898
5.610700e-07	1.83822	0.00905
5.626700e-07	1.83646	0.00911
5.642700e-07	1.8347	0.00918
5.658700e-07	1.83294	0.00925
5.674700e-07	1.83118	0.00932
5.690700e-07	1.82943	0.00939
5.706700e-07	1.82767	0.00946
5.722700e-07	1.82591	0.00953
5.738600e-07	1.82415	0.0096
5.754600e-07	1.8224	0.00967
5.770600e-07	1.82064	0.00975
5.786600e-07	1.81888	0.00982
5.802600e-07	1.81713	0.0099
5.818600e-07	1.81537	0.00997
5.834500e-07	1.81362	0.01005
5.850500e-07	1.81186	0.01013
5.866500e-07	1.8101	0.01021
5.882500e-07	1.80834	0.01029
5.898500e-07	1.80659	0.01037
5.914400e-07	1.80483	0.01045
5.930400e-07	1.80307	0.01053
5.946400e-07	1.80131	0.01061
5.962400e-07	1.79955	0.0107
5.978300e-07	1.79779	0.01078
5.994300e-07	1.79603	0.01087
6.010300e-07	1.79426	0.01095
6.026300e-07	1.7925	0.01104
6.042200e-07	1.79074	0.01113
6.058200e-07	1.78897	0.01121
6.074200e-07	1.7872	0.0113
6.090200e-07	1.78544	0.01139
6.106100e-07	1.78367	0.01148
6.122100e-07	1.7819	0.01158
6.138100e-07	1.78012	0.01167
6.154000e-07	1.77835	0.01176
6.170000e-07	1.77658	0.01185
6.186000e-07	1.7748	0.01195
6.201900e-07	1.77302	0.01205
6.217900e-07	1.77125	0.01214
6.233900e-07	1.76947	0.01224
6.249800e-07	1.76768	0.01234
6.265800e-07	1.7659	0.01244
6.281800e-07	1.76411	0.01253
6.297700e-07	1.76233	0.01264
6.313700e-07	1.76054	0.01274
6.329600e-07	1.75875	0.01284
6.345600e-07	1.75695	0.01294
6.361600e-07	1.75516	0.01304
6.377500e-07	1.75336	0.01315
6.393500e-07	1.75156	0.01325
6.409400e-07	1.74976	0.01336
6.425400e-07	1.74796	0.01347
6.441300e-07	1.74615	0.01358
6.457300e-07	1.74434	0.01368
6.473200e-07	1.74253	0.01379
6.489200e-07	1.74072	0.0139
6.505100e-07	1.73891	0.01402
6.521100e-07	1.73709	0.01413
6.537000e-07	1.73527	0.01424
6.553000e-07	1.73345	0.01435
6.568900e-07	1.73162	0.01447
6.584900e-07	1.7298	0.01458
6.600800e-07	1.72797	0.0147
6.616800e-07	1.72613	0.01482
6.632700e-07	1.7243	0.01493
6.648700e-07	1.72246	0.01505
6.664600e-07	1.72062	0.01517
6.680500e-07	1.71877	0.01529
6.696500e-07	1.71693	0.01541
6.712400e-07	1.71508	0.01553
6.728400e-07	1.71323	0.01566
6.744300e-07	1.71137	0.01578
6.760200e-07	1.70951	0.0159
6.776200e-07	1.70765	0.01603
6.792100e-07	1.70579	0.01616
6.808000e-07	1.70392	0.01628
6.824000e-07	1.70205	0.01641
6.839900e-07	1.70017	0.01654
6.855800e-07	1.6983	0.01667
6.871800e-07	1.69642	0.0168
6.887700e-07	1.69453	0.01693
6.903600e-07	1.69265	0.01707
6.919600e-07	1.69076	0.0172
6.935500e-07	1.68886	0.01733
6.951400e-07	1.68697	0.01747
6.967300e-07	1.68507	0.0176
6.983200e-07	1.68316	0.01774
6.999200e-07	1.68125	0.01788
7.015100e-07	1.67934	0.01802
7.031000e-07	1.67743	0.01816
7.046900e-07	1.67551	0.0183
7.062800e-07	1.67359	0.01844
7.078800e-07	1.67166	0.01859
7.094700e-07	1.66973	0.01873
7.110600e-07	1.6678	0.01887
7.126500e-07	1.66586	0.01902
7.142400e-07	1.66392	0.01917
7.158300e-07	1.66198	0.01931
7.174200e-07	1.66003	0.01946
7.190200e-07	1.65807	0.01961
7.206100e-07	1.65612	0.01976
7.222000e-07	1.65416	0.01991
7.237900e-07	1.65219	0.02007
7.253800e-07	1.65023	0.02022
7.269700e-07	1.64825	0.02038
7.285600e-07	1.64627	0.02053
7.301500e-07	1.64429	0.02069
7.317400e-07	1.64231	0.02085
7.333300e-07	1.64032	0.021
7.349200e-07	1.63833	0.02117
7.365100e-07	1.63633	0.02133
7.381000e-07	1.63433	0.02149
7.396900e-07	1.63232	0.02165
7.412800e-07	1.63031	0.02182
7.428700e-07	1.6283	0.02198
7.444600e-07	1.62627	0.02215
7.460400e-07	1.62425	0.02231
7.476300e-07	1.62222	0.02248
7.492200e-07	1.62019	0.02265
7.508100e-07	1.61815	0.02282
7.524000e-07	1.61611	0.02299
7.539900e-07	1.61406	0.02317
7.555800e-07	1.61201	0.02334
7.571600e-07	1.60996	0.02352
7.587500e-07	1.6079	0.02369
7.603400e-07	1.60583	0.02387
7.619300e-07	1.60376	0.02405
7.635200e-07	1.60168	0.02423
7.651000e-07	1.5996	0.02441
7.666900e-07	1.59752	0.02459
7.682800e-07	1.59543	0.02477
7.698700e-07	1.59333	0.02496
7.714500e-07	1.59124	0.02515
7.730400e-07	1.58913	0.02533
7.746300e-07	1.58702	0.02552
7.762100e-07	1.58491	0.02571
7.778000e-07	1.58279	0.0259
7.793900e-07	1.58066	0.02609
7.809700e-07	1.57853	0.02628
7.825600e-07	1.5764	0.02648
7.841400e-07	1.57426	0.02668
7.857300e-07	1.57211	0.02687
7.873200e-07	1.56996	0.02707
7.889000e-07	1.5678	0.02727
7.904900e-07	1.56564	0.02747
7.920700e-07	1.56348	0.02767
7.936600e-07	1.5613	0.02788
7.952400e-07	1.55913	0.02808
7.968300e-07	1.55694	0.02829
7.984100e-07	1.55476	0.02849
8.000000e-07	1.55256	0.0287
8.015800e-07	1.55036	0.02891
8.031700e-07	1.54816	0.02913
8.047500e-07	1.54595	0.02934
8.063300e-07	1.54373	0.02955
8.079200e-07	1.54151	0.02977
8.095000e-07	1.53928	0.02999
8.110900e-07	1.53705	0.0302
8.126700e-07	1.53481	0.03042
8.142500e-07	1.53256	0.03064
8.158400e-07	1.53031	0.03087
8.174200e-07	1.52805	0.03109
8.190000e-07	1.52579	0.03132
8.205800e-07	1.52352	0.03154
8.221700e-07	1.52125	0.03177
8.237500e-07	1.51897	0.032
8.253300e-07	1.51668	0.03224
8.269100e-07	1.51439	0.03247
8.285000e-07	1.51209	0.0327
8.300800e-07	1.50978	0.03294
8.316600e-07	1.50747	0.03318
8.332400e-07	1.50516	0.03342
8.348200e-07	1.50283	0.03366
8.364100e-07	1.5005	0.0339
8.379900e-07	1.49817	0.03415
8.395700e-07	1.49582	0.03439
8.411500e-07	1.49347	0.03464
8.427300e-07	1.49112	0.03489
8.443100e-07	1.48876	0.03514
8.458900e-07	1.48639	0.03539
8.474700e-07	1.48401	0.03565
8.490500e-07	1.48163	0.0359
8.506300e-07	1.47924	0.03616
8.522100e-07	1.47685	0.03642
8.537900e-07	1.47445	0.03668
8.553700e-07	1.47204	0.03694
8.569500e-07	1.46962	0.03721
8.585300e-07	1.4672	0.03748
8.601100e-07	1.46477	0.03774
8.616900e-07	1.46234	0.03801
8.632600e-07	1.4599	0.03829
8.648400e-07	1.45745	0.03856
8.664200e-07	1.45499	0.03884
8.680000e-07	1.45253	0.03911
8.695800e-07	1.45006	0.03939
8.711600e-07	1.44758	0.03967
8.727300e-07	1.4451	0.03996
8.743100e-07	1.4426	0.04024
8.758900e-07	1.4401	0.04053
8.774700e-07	1.4376	0.04082
8.790400e-07	1.43508	0.04111
8.806200e-07	1.43256	0.0414
8.822000e-07	1.43003	0.0417
8.837700e-07	1.4275	0.04199
8.853500e-07	1.42496	0.04229
8.869300e-07	1.4224	0.04259
8.885000e-07	1.41985	0.0429
8.900800e-07	1.41728	0.0432
8.916500e-07	1.41471	0.04351
8.932300e-07	1.41213	0.04382
8.948100e-07	1.40954	0.04413
8.963800e-07	1.40694	0.04445
8.979600e-07	1.40434	0.04476
8.995300e-07	1.40172	0.04508
9.011100e-07	1.3991	0.0454
9.026800e-07	1.39647	0.04573
9.042500e-07	1.39384	0.04605
9.058300e-07	1.39119	0.04638
9.074000e-07	1.38854	0.04671
9.089800e-07	1.38588	0.04704
9.105500e-07	1.38321	0.04738
9.121200e-07	1.38053	0.04771
9.137000e-07	1.37785	0.04805
9.152700e-07	1.37515	0.04839
9.168400e-07	1.37245	0.04874
9.184200e-07	1.36974	0.04908
9.199900e-07	1.36702	0.04943
9.215600e-07	1.36429	0.04979
9.231300e-07	1.36156	0.05014
9.247000e-07	1.35881	0.0505
9.262800e-07	1.35606	0.05086
9.278500e-07	1.3533	0.05122
9.294200e-07	1.35053	0.05158
9.309900e-07	1.34775	0.05195
9.325600e-07	1.34496	0.05232
9.341300e-07	1.34216	0.0527
9.357000e-07	1.33935	0.05307
9.372800e-07	1.33653	0.05345
9.388500e-07	1.33371	0.05383
9.404200e-07	1.33087	0.05422
9.419900e-07	1.32803	0.05461
9.435600e-07	1.32518	0.055
9.451300e-07	1.32231	0.05539
9.466900e-07	1.31944	0.05579
9.482600e-07	1.31656	0.05618
9.498300e-07	1.31367	0.05659
9.514000e-07	1.31077	0.05699
9.529700e-07	1.30786	0.0574
9.545400e-07	1.30494	0.05781
9.561100e-07	1.30201	0.05823
9.576800e-07	1.29907	0.05865
9.592400e-07	1.29612	0.05907
9.608100e-07	1.29316	0.05949
9.623800e-07	1.29019	0.05992
9.639500e-07	1.28721	0.06035
9.655100e-07	1.28422	0.06078
9.670800e-07	1.28122	0.06122
9.686500e-07	1.27821	0.06166
9.702100e-07	1.27519	0.06211
9.717800e-07	1.27216	0.06256
9.733500e-07	1.26912	0.06301
9.749100e-07	1.26607	0.06347
9.764800e-07	1.263	0.06393
9.780400e-07	1.25993	0.06439
9.796100e-07	1.25684	0.06486
9.811700e-07	1.25375	0.06533
9.827400e-07	1.25064	0.0658
9.843000e-07	1.24752	0.06628
9.858700e-07	1.24439	0.06676
9.874300e-07	1.24126	0.06725
9.890000e-07	1.2381	0.06774
9.905600e-07	1.23494	0.06824
9.921200e-07	1.23177	0.06873
9.936900e-07	1.22858	0.06924
9.952500e-07	1.22538	0.06974
9.968100e-07	1.22217	0.07026
9.983800e-07	1.21895	0.07077
9.999400e-07	1.21572	0.07129
1.013380e-06	1.18739	0.07596
1.016810e-06	1.18002	0.07721
1.020240e-06	1.17257	0.07849
1.023670e-06	1.16506	0.07979
1.027090e-06	1.15749	0.08112
1.030520e-06	1.14984	0.08247
1.033950e-06	1.14213	0.08386
1.037380e-06	1.13434	0.08527
1.040810e-06	1.12649	0.08672
1.044230e-06	1.11856	0.08819
1.047660e-06	1.11055	0.0897
1.051090e-06	1.10247	0.09125
1.054520e-06	1.09431	0.09283
1.057950e-06	1.08607	0.09444
1.061370e-06	1.07776	0.0961
1.064800e-06	1.06935	0.09779
1.068230e-06	1.06087	0.09952
1.071660e-06	1.0523	0.1013
1.075090e-06	1.04364	0.10312
1.078510e-06	1.03489	0.10498
1.081940e-06	1.02605	0.10689
1.085370e-06	1.01712	0.10886
1.088800e-06	1.00809	0.11087
1.092230e-06	0.99896	0.11294
1.095650e-06	0.98974	0.11506
1.099080e-06	0.98041	0.11725
1.102510e-06	0.97098	0.11949
1.105940e-06	0.96145	0.1218
1.109370e-06	0.9518	0.12418
1.112800e-06	0.94205	0.12662
1.116220e-06	0.93218	0.12915
1.119650e-06	0.92219	0.13175
1.123080e-06	0.91209	0.13443
1.126510e-06	0.90186	0.1372
1.129940e-06	0.89152	0.14005
1.133370e-06	0.88104	0.14301
1.136800e-06	0.87044	0.14606
1.140220e-06	0.8597	0.14922
1.143650e-06	0.84883	0.15249
1.147080e-06	0.83782	0.15588
1.150510e-06	0.82667	0.1594
1.153940e-06	0.81538	0.16305
1.157370e-06	0.80394	0.16684
1.160800e-06	0.79236	0.17078
1.164230e-06	0.78062	0.17489
1.167660e-06	0.76873	0.17916
1.171090e-06	0.75669	0.18361
1.174520e-06	0.74449	0.18825
1.177950e-06	0.73214	0.1931
1.181380e-06	0.71963	0.19817
1.184810e-06	0.70697	0.20348
1.188240e-06	0.69415	0.20903
1.191670e-06	0.68118	0.21485
1.195100e-06	0.66806	0.22096
1.198530e-06	0.65481	0.22737
1.201960e-06	0.64142	0.2341
1.205390e-06	0.62791	0.24118
1.208830e-06	0.61428	0.24863
1.212260e-06	0.60056	0.25647
1.215690e-06	0.58677	0.26473
1.219120e-06	0.57293	0.27342
1.222550e-06	0.55905	0.28256
1.225980e-06	0.54519	0.29218
1.229420e-06	0.53136	0.30229
1.232850e-06	0.51762	0.31291
1.236280e-06	0.504	0.32405
1.239710e-06	0.49056	0.33569
1.243150e-06	0.47734	0.34785
1.246580e-06	0.46438	0.36051
1.250010e-06	0.45175	0.37365
1.253450e-06	0.43948	0.38723
1.256880e-06	0.42762	0.40124
1.260310e-06	0.4162	0.41562
1.263750e-06	0.40525	0.43033
1.267180e-06	0.39479	0.44532
1.270620e-06	0.38484	0.46053
1.274050e-06	0.3754	0.47593
1.277490e-06	0.36647	0.49147
1.280920e-06	0.35803	0.50709
1.284360e-06	0.35009	0.52276
1.287790e-06	0.34261	0.53844
1.291230e-06	0.33559	0.5541
1.294660e-06	0.32899	0.56971
1.298100e-06	0.3228	0.58525
1.301540e-06	0.31699	0.60069
1.304970e-06	0.31153	0.61604
1.308410e-06	0.30642	0.63126
1.311850e-06	0.30161	0.64635
1.315280e-06	0.2971	0.6613
1.318720e-06	0.29286	0.67612
1.322160e-06	0.28888	0.69079
1.325600e-06	0.28513	0.70531
1.329040e-06	0.2816	0.71968
1.332480e-06	0.27828	0.7339
1.335910e-06	0.27515	0.74797
1.339350e-06	0.2722	0.7619
1.342790e-06	0.26942	0.77568
1.346230e-06	0.26679	0.78932
1.349670e-06	0.26431	0.80282
1.353110e-06	0.26196	0.81618
1.356550e-06	0.25975	0.82941
1.360000e-06	0.25765	0.8425
1.363440e-06	0.25566	0.85547
1.366880e-06	0.25378	0.8683
1.370320e-06	0.252	0.88102
1.373760e-06	0.25032	0.89361
1.377200e-06	0.24872	0.90609
1.380650e-06	0.2472	0.91846
1.384090e-06	0.24577	0.93071
1.387530e-06	0.2444	0.94286
1.390980e-06	0.24311	0.95489
1.394420e-06	0.24189	0.96683
1.397870e-06	0.24072	0.97867
1.401310e-06	0.23962	0.99041
1.404760e-06	0.23858	1.00205
1.408200e-06	0.23759	1.01361
1.411650e-06	0.23665	1.02507
1.415090e-06	0.23576	1.03645
1.418540e-06	0.23491	1.04773
1.421990e-06	0.23411	1.05894
1.425430e-06	0.23336	1.07007
1.428880e-06	0.23264	1.08111
1.432330e-06	0.23197	1.09208
1.435780e-06	0.23133	1.10298
1.439220e-06	0.23072	1.1138
1.442670e-06	0.23015	1.12454
1.446120e-06	0.22962	1.13522
1.449570e-06	0.22911	1.14583
1.453020e-06	0.22863	1.15638
1.456470e-06	0.22819	1.16686
1.459920e-06	0.22777	1.17727
1.463370e-06	0.22738	1.18762
1.466830e-06	0.22701	1.19791
1.470280e-06	0.22667	1.20815
1.473730e-06	0.22635	1.21832
1.477180e-06	0.22606	1.22844
1.480640e-06	0.22579	1.2385
1.484090e-06	0.22554	1.24851
1.487540e-06	0.22531	1.25846
1.491000e-06	0.2251	1.26837
1.494450e-06	0.22491	1.27822
1.497910e-06	0.22474	1.28802
1.501360e-06	0.22458	1.29777
1.504820e-06	0.22445	1.30748
1.508280e-06	0.22433	1.31714
1.511730e-06	0.22423	1.32675
1.515190e-06	0.22414	1.33631
1.518650e-06	0.22407	1.34584
1.522110e-06	0.22401	1.35532
1.525560e-06	0.22397	1.36476
1.529020e-06	0.22395	1.37415
1.532480e-06	0.22394	1.38351
1.535940e-06	0.22394	1.39282
1.539400e-06	0.22395	1.4021
1.542870e-06	0.22398	1.41134
1.546330e-06	0.22401	1.42053
1.549790e-06	0.22406	1.4297
1.553250e-06	0.22413	1.43882
1.556710e-06	0.2242	1.44791
1.560180e-06	0.22429	1.45697
1.563640e-06	0.22438	1.46599
1.567110e-06	0.22449	1.47497
1.570570e-06	0.22461	1.48393
1.574040e-06	0.22473	1.49285
1.577500e-06	0.22487	1.50174
1.580970e-06	0.22502	1.51059
1.584430e-06	0.22517	1.51942
1.587900e-06	0.22534	1.52821
1.591370e-06	0.22551	1.53698
1.594840e-06	0.22569	1.54571
1.598310e-06	0.22589	1.55442
1.601780e-06	0.22609	1.5631
1.605250e-06	0.22629	1.57175
1.608720e-06	0.22651	1.58037
1.612190e-06	0.22673	1.58896
1.615660e-06	0.22696	1.59753
1.619130e-06	0.2272	1.60607
1.622600e-06	0.22745	1.61459
1.626080e-06	0.2277	1.62308
1.629550e-06	0.22796	1.63154
1.633020e-06	0.22823	1.63998
1.636500e-06	0.22851	1.6484
1.639970e-06	0.22879	1.65679
1.643450e-06	0.22908	1.66515
1.646930e-06	0.22937	1.6735
1.650400e-06	0.22967	1.68182
1.653880e-06	0.22998	1.69012
1.657360e-06	0.23029	1.69839
1.660840e-06	0.23061	1.70665
1.664320e-06	0.23094	1.71488
1.667800e-06	0.23127	1.72309
1.671280e-06	0.2316	1.73128
1.674760e-06	0.23195	1.73945
1.678240e-06	0.23229	1.7476
1.681720e-06	0.23265	1.75573
1.685200e-06	0.23301	1.76384
1.688690e-06	0.23337	1.77193
