Wavelength(m)	n	k
# material: SiO2
# source: F. Lemarchand. private communications (2013). Measurement method described in: L. Gao, F. Lemarchand, M. Lequime. Exploitation of multiple incidences spectrometric measurements for thin film reverse engineering. Opt. Express 20, 15734-15751 (2012)
# conditions: 580-nm monolayer deposited on BK7 substrate using the magnetron sputtering technique.
# upstream: polyanskiy/refractiveindex.info-database@ff11b58 main/SiO2/nk/Lemarchand.yml
# type: tabulated nk
# range: 2.5000e-07 - 2.5000e-06 m
# converted: 2026-07-31 by tools/convert_refractiveindex_info.py (wavelength um -> m)
2.500000e-07	1.51746	0.00026
2.550000e-07	1.51523	0.00024
2.600000e-07	1.51314	0.000222
2.650000e-07	1.51117	0.000206
2.700000e-07	1.50933	0.000191
2.750000e-07	1.5076	0.000179
2.800000e-07	1.50596	0.000167
2.850000e-07	1.50442	0.000157
2.900000e-07	1.50297	0.000148
2.950000e-07	1.50159	0.000139
3.000000e-07	1.50029	0.000132
3.050000e-07	1.49906	0.000125
3.100000e-07	1.49788	0.000118
3.150000e-07	1.49677	0.000112
3.200000e-07	1.49572	0.000107
3.250000e-07	1.49472	0.000102
3.300000e-07	1.49376	0
3.350000e-07	1.49285	0
3.400000e-07	1.49198	0
3.450000e-07	1.49115	0
3.500000e-07	1.49036	0
3.550000e-07	1.48961	0
3.600000e-07	1.48888	0
3.650000e-07	1.48819	0
3.700000e-07	1.48753	0
3.750000e-07	1.48689	0
3.800000e-07	1.48628	0
3.850000e-07	1.4857	0
3.900000e-07	1.48514	0
3.950000e-07	1.4846	0
4.000000e-07	1.48408	0
4.050000e-07	1.48358	0
4.100000e-07	1.4831	0
4.150000e-07	1.48264	0
4.200000e-07	1.4822	0
4.250000e-07	1.48177	0
4.300000e-07	1.48136	0
4.350000e-07	1.48096	0
4.400000e-07	1.48057	0
4.450000e-07	1.4802	0
4.500000e-07	1.47984	0
4.550000e-07	1.4795	0
4.600000e-07	1.47916	0
4.650000e-07	1.47884	0
4.700000e-07	1.47853	0
4.750000e-07	1.47822	0
4.800000e-07	1.47793	0
4.850000e-07	1.47765	0
4.900000e-07	1.47737	0
4.950000e-07	1.47711	0
5.000000e-07	1.47685	0
5.050000e-07	1.4766	0
5.100000e-07	1.47636	0
5.150000e-07	1.47612	0
5.200000e-07	1.47589	0
5.250000e-07	1.47567	0
5.300000e-07	1.47545	0
5.350000e-07	1.47524	0
5.400000e-07	1.47504	0
5.450000e-07	1.47484	0
5.500000e-07	1.47465	0
5.550000e-07	1.47446	0
5.600000e-07	1.47428	0
5.650000e-07	1.47411	0
5.700000e-07	1.47393	0
5.750000e-07	1.47377	0
5.800000e-07	1.4736	0
5.850000e-07	1.47344	0
5.900000e-07	1.47329	0
5.950000e-07	1.47314	0
6.000000e-07	1.47299	0
6.050000e-07	1.47285	0
6.100000e-07	1.47271	0
6.150000e-07	1.47257	0
6.200000e-07	1.47244	0
6.250000e-07	1.47231	0
6.300000e-07	1.47218	0
6.350000e-07	1.47206	0
6.400000e-07	1.47194	0
6.450000e-07	1.47182	0
6.500000e-07	1.4717	0
6.550000e-07	1.47159	0
6.600000e-07	1.47148	0
6.650000e-07	1.47137	0
6.700000e-07	1.47127	0
6.750000e-07	1.47117	0
6.800000e-07	1.47107	0
6.850000e-07	1.47097	0
6.900000e-07	1.47087	0
6.950000e-07	1.47078	0
7.000000e-07	1.47069	0
7.050000e-07	1.4706	0
7.100000e-07	1.47051	0
7.150000e-07	1.47042	0
7.200000e-07	1.47034	0
7.250000e-07	1.47026	0
7.300000e-07	1.47017	0
7.350000e-07	1.47009	0
7.400000e-07	1.47002	0
7.450000e-07	1.46994	0
7.500000e-07	1.46987	0
7.550000e-07	1.46979	0
7.600000e-07	1.46972	0
7.650000e-07	1.46965	0
7.700000e-07	1.46958	0
7.750000e-07	1.46952	0
7.800000e-07	1.46945	0
7.850000e-07	1.46939	0
7.900000e-07	1.46932	0
7.950000e-07	1.46926	0
8.000000e-07	1.4692	0
8.050000e-07	1.46914	0
8.100000e-07	1.46908	0
8.150000e-07	1.46902	0
8.200000e-07	1.46897	0
8.250000e-07	1.46891	0
8.300000e-07	1.46886	0
8.350000e-07	1.4688	0
8.400000e-07	1.46875	0
8.450000e-07	1.4687	0
8.500000e-07	1.46865	0
8.550000e-07	1.4686	0
8.600000e-07	1.46855	0
8.650000e-07	1.4685	0
8.700000e-07	1.46845	0
8.750000e-07	1.4684	0
8.800000e-07	1.46836	0
8.850000e-07	1.46832	0
8.900000e-07	1.46827	0
8.950000e-07	1.46823	0
9.000000e-07	1.46818	0
9.050000e-07	1.46814	0
9.100000e-07	1.4681	0
9.150000e-07	1.46806	0
9.200000e-07	1.46802	0
9.250000e-07	1.46798	0
9.300000e-07	1.46794	0
9.350000e-07	1.4679	0
9.400000e-07	1.46787	0
9.450000e-07	1.46783	0
9.500000e-07	1.46779	0
9.550000e-07	1.46776	0
9.600000e-07	1.46772	0
9.650000e-07	1.46769	0
9.700000e-07	1.46765	0
9.750000e-07	1.46762	0
9.800000e-07	1.46759	0
9.850000e-07	1.46755	0
9.900000e-07	1.46752	0
9.950000e-07	1.46749	0
1.000000e-06	1.46746	0
1.005000e-06	1.46743	0
1.010000e-06	1.4674	0
1.015000e-06	1.46737	0
1.020000e-06	1.46734	0
1.025000e-06	1.46731	0
1.030000e-06	1.46728	0
1.035000e-06	1.46725	0
1.040000e-06	1.46723	0
1.045000e-06	1.4672	0
1.050000e-06	1.46717	0
1.055000e-06	1.46715	0
1.060000e-06	1.46712	0
1.065000e-06	1.4671	0
1.070000e-06	1.46707	0
1.075000e-06	1.46704	0
1.080000e-06	1.46702	0
1.085000e-06	1.467	0
1.090000e-06	1.46697	0
1.095000e-06	1.46695	0
1.100000e-06	1.46693	0
1.105000e-06	1.4669	0
1.110000e-06	1.46688	0
1.115000e-06	1.46686	0
1.120000e-06	1.46684	0
1.125000e-06	1.46681	0
1.130000e-06	1.46679	0
1.135000e-06	1.46677	0
1.140000e-06	1.46675	0
1.145000e-06	1.46673	0
1.150000e-06	1.46671	0
1.155000e-06	1.46669	0
1.160000e-06	1.46667	0
1.165000e-06	1.46665	0
1.170000e-06	1.46663	0
1.175000e-06	1.46661	0
1.180000e-06	1.46659	0
1.185000e-06	1.46657	0
1.190000e-06	1.46656	0
1.195000e-06	1.46654	0
1.200000e-06	1.46652	0
1.205000e-06	1.4665	0
1.210000e-06	1.46648	0
1.215000e-06	1.46647	0
1.220000e-06	1.46645	0
1.225000e-06	1.46643	0
1.230000e-06	1.46642	0
1.235000e-06	1.4664	0
1.240000e-06	1.46638	0
1.245000e-06	1.46637	0
1.250000e-06	1.46635	0
1.255000e-06	1.46634	0
1.260000e-06	1.46632	0
1.265000e-06	1.46631	0
1.270000e-06	1.46629	0
1.275000e-06	1.46628	0
1.280000e-06	1.46626	0
1.285000e-06	1.46625	0
1.290000e-06	1.46623	0
1.295000e-06	1.46622	0
1.300000e-06	1.4662	0
1.305000e-06	1.46619	0
1.310000e-06	1.46618	0
1.315000e-06	1.46616	0
1.320000e-06	1.46615	0
1.325000e-06	1.46614	0
1.330000e-06	1.46612	0
1.335000e-06	1.46611	0
1.340000e-06	1.4661	0
1.345000e-06	1.46608	0
1.350000e-06	1.46607	0
1.355000e-06	1.46606	0
1.360000e-06	1.46605	0
1.365000e-06	1.46603	0
1.370000e-06	1.46602	0
1.375000e-06	1.46601	0
1.380000e-06	1.466	0
1.385000e-06	1.46599	0
1.390000e-06	1.46598	0
1.395000e-06	1.46596	0
1.400000e-06	1.46595	0
1.405000e-06	1.46594	0
1.410000e-06	1.46593	0
1.415000e-06	1.46592	0
1.420000e-06	1.46591	0
1.425000e-06	1.4659	0
1.430000e-06	1.46589	0
1.435000e-06	1.46588	0
1.440000e-06	1.46587	0
1.445000e-06	1.46586	0
1.450000e-06	1.46585	0
1.455000e-06	1.46584	0
1.460000e-06	1.46583	0
1.465000e-06	1.46582	0
1.470000e-06	1.46581	0
1.475000e-06	1.4658	0
1.480000e-06	1.46579	0
1.485000e-06	1.46578	0
1.490000e-06	1.46577	0
1.495000e-06	1.46576	0
1.500000e-06	1.46575	0
1.505000e-06	1.46574	0
1.510000e-06	1.46573	0
1.515000e-06	1.46572	0
1.520000e-06	1.46572	0
1.525000e-06	1.46571	0
1.530000e-06	1.4657	0
1.535000e-06	1.46569	0
1.540000e-06	1.46568	0
1.545000e-06	1.46567	0
1.550000e-06	1.46566	0
1.555000e-06	1.46566	0
1.560000e-06	1.46565	0
1.565000e-06	1.46564	0
1.570000e-06	1.46563	0
1.575000e-06	1.46562	0
1.580000e-06	1.46562	0
1.585000e-06	1.46561	0
1.590000e-06	1.4656	0
1.595000e-06	1.46559	0
1.600000e-06	1.46559	0
1.605000e-06	1.46558	0
1.610000e-06	1.46557	0
1.615000e-06	1.46556	0
1.620000e-06	1.46556	0
1.625000e-06	1.46555	0
1.630000e-06	1.46554	0
1.635000e-06	1.46554	0
1.640000e-06	1.46553	0
1.645000e-06	1.46552	0
1.650000e-06	1.46551	0
1.655000e-06	1.46551	0
1.660000e-06	1.4655	0
1.665000e-06	1.46549	0
1.670000e-06	1.46549	0
1.675000e-06	1.46548	0
1.680000e-06	1.46548	0
1.685000e-06	1.46547	0
1.690000e-06	1.46546	0
1.695000e-06	1.46546	0
1.700000e-06	1.46545	0
1.705000e-06	1.46544	0
1.710000e-06	1.46544	0
1.715000e-06	1.46543	0
1.720000e-06	1.46542	0
1.725000e-06	1.46542	0
1.730000e-06	1.46541	0
1.735000e-06	1.46541	0
1.740000e-06	1.4654	0
1.745000e-06	1.4654	0
1.750000e-06	1.46539	0
1.755000e-06	1.46538	0
1.760000e-06	1.46538	0
1.765000e-06	1.46537	0
1.770000e-06	1.46537	0
1.775000e-06	1.46536	0
1.780000e-06	1.46536	0
1.785000e-06	1.46535	0
1.790000e-06	1.46535	0
1.795000e-06	1.46534	0
1.800000e-06	1.46534	0
1.805000e-06	1.46533	0
1.810000e-06	1.46532	0
1.815000e-06	1.46532	0
1.820000e-06	1.46531	0
1.825000e-06	1.46531	0
1.830000e-06	1.46531	0
1.835000e-06	1.4653	0
1.840000e-06	1.4653	0
1.845000e-06	1.46529	0
1.850000e-06	1.46528	0
1.855000e-06	1.46528	0
1.860000e-06	1.46528	0
1.865000e-06	1.46527	0
1.870000e-06	1.46527	0
1.875000e-06	1.46526	0
1.880000e-06	1.46526	0
1.885000e-06	1.46525	0
1.890000e-06	1.46525	0
1.895000e-06	1.46524	0
1.900000e-06	1.46524	0
1.905000e-06	1.46523	0
1.910000e-06	1.46523	0
1.915000e-06	1.46522	0
1.920000e-06	1.46522	0
1.925000e-06	1.46522	0
1.930000e-06	1.46521	0
1.935000e-06	1.46521	0
1.940000e-06	1.4652	0
1.945000e-06	1.4652	0
1.950000e-06	1.4652	0
1.955000e-06	1.46519	0
1.960000e-06	1.46519	0
1.965000e-06	1.46518	0
1.970000e-06	1.46518	0
1.975000e-06	1.46517	0
1.980000e-06	1.46517	0
1.985000e-06	1.46517	0
1.990000e-06	1.46516	0
1.995000e-06	1.46516	0
2.000000e-06	1.46516	0
2.005000e-06	1.46515	0
2.010000e-06	1.46515	0
2.015000e-06	1.46514	0
2.020000e-06	1.46514	0
2.025000e-06	1.46514	0
2.030000e-06	1.46513	0
2.035000e-06	1.46513	0
2.040000e-06	1.46513	0
2.045000e-06	1.46512	0
2.050000e-06	1.46512	0
2.055000e-06	1.46511	0
2.060000e-06	1.46511	0
2.065000e-06	1.46511	0
2.070000e-06	1.46511	0
2.075000e-06	1.4651	0
2.080000e-06	1.4651	0
2.085000e-06	1.4651	0
2.090000e-06	1.46509	0
2.095000e-06	1.46509	0
2.100000e-06	1.46508	0
2.105000e-06	1.46508	0
2.110000e-06	1.46508	0
2.115000e-06	1.46507	0
2.120000e-06	1.46507	0
2.125000e-06	1.46507	0
2.130000e-06	1.46507	0
2.135000e-06	1.46506	0
2.140000e-06	1.46506	0
2.145000e-06	1.46506	0
2.150000e-06	1.46505	0
2.155000e-06	1.46505	0
2.160000e-06	1.46505	0
2.165000e-06	1.46504	0
2.170000e-06	1.46504	0
2.175000e-06	1.46504	0
2.180000e-06	1.46504	0
2.185000e-06	1.46503	0
2.190000e-06	1.46503	0
2.195000e-06	1.46503	0
2.200000e-06	1.46502	0
2.205000e-06	1.46502	0
2.210000e-06	1.46502	0
2.215000e-06	1.46501	0
2.220000e-06	1.46501	0
2.225000e-06	1.46501	0
2.230000e-06	1.46501	0
2.235000e-06	1.465	0
2.240000e-06	1.465	0
2.245000e-06	1.465	0
2.250000e-06	1.465	0
2.255000e-06	1.46499	0
2.260000e-06	1.46499	0
2.265000e-06	1.46499	0
2.270000e-06	1.46498	0
2.275000e-06	1.46498	0
2.280000e-06	1.46498	0
2.285000e-06	1.46498	0
2.290000e-06	1.46497	0
2.295000e-06	1.46497	0
2.300000e-06	1.46497	0
2.305000e-06	1.46497	0
2.310000e-06	1.46496	0
2.315000e-06	1.46496	0
2.320000e-06	1.46496	0
2.325000e-06	1.46496	0
2.330000e-06	1.46496	0
2.335000e-06	1.46495	0
2.340000e-06	1.46495	0
2.345000e-06	1.46495	0
2.350000e-06	1.46494	0
2.355000e-06	1.46494	0
2.360000e-06	1.46494	0
2.365000e-06	1.46494	0
2.370000e-06	1.46494	0
2.375000e-06	1.46493	0
2.380000e-06	1.46493	0
2.385000e-06	1.46493	0
2.390000e-06	1.46493	0
2.395000e-06	1.46492	0
2.400000e-06	1.46492	0
2.405000e-06	1.46492	0
2.410000e-06	1.46492	0
2.415000e-06	1.46492	0
2.420000e-06	1.46491	0
2.425000e-06	1.46491	0
2.430000e-06	1.46491	0
2.435000e-06	1.46491	0
2.440000e-06	1.4649	0
2.445000e-06	1.4649	0
2.450000e-06	1.4649	0
2.455000e-06	1.4649	0
2.460000e-06	1.4649	0
2.465000e-06	1.4649	0
2.470000e-06	1.46489	0
2.475000e-06	1.46489	0
2.480000e-06	1.46489	0
2.485000e-06	1.46489	0
2.490000e-06	1.46488	0
2.495000e-06	1.46488	0
2.500000e-06	1.46488	0
