Wavelength(m)	n	k
# material: TiO2
# source: T. Siefke, S. Kroker, K. Pfeiffer, O. Puffky, K. Dietrich, D. Franta, I. Ohlidal, A. Szeghalmi, E.-B. Kley, A. Tunnermann. Materials pushing the application limits of wire grid polarizers further into the deep ultraviolet spectral range. Adv. Opt. Mater. 4, 1780-1786 (2016) (Numerical data kindly provided by Thomas Siefke)
# conditions: Film: prepared by ALD, 350 nm TiO2. See Ratzsch et al. Nanotechnology 26, 024003 (2015). Measurement: ellipsometer Jobin Yvon UVISEL2 VUV: 1.5-8.7 eV; ellipsometer Jobin Yvon UVISEL: 0.6-6.5 eV; ellipsometer Woollam IRVASE: 300-6500 cm-1; spectrophotometer McPhersom VUVas 2000: 5.6-10.3 eV; spectrophotometer Perkin Elmer Lambda 1050: 0.5-6.7 eV; spectrophotometer Bruker Vertex 80v: 80-7500 cm-1. Fit model: universal dispersion model. See Franta et al. Appl. Opt. 54, 9108-9119 (2015)."
# upstream: polyanskiy/refractiveindex.info-database@ff11b58 main/TiO2/nk/Siefke.yml
# type: tabulated nk
# range: 1.2018e-07 - 1.2512e-04 m
# converted: 2026-07-31 (wavelength um -> m)
1.201811e-07	1.12662	0.898839
1.208750e-07	1.12438	0.907025
1.215728e-07	1.12223	0.915711
1.222746e-07	1.1202	0.924914
1.229805e-07	1.11833	0.934646
1.236905e-07	1.11666	0.944919
1.244046e-07	1.11523	0.955743
1.251228e-07	1.11407	0.967125
1.258451e-07	1.11325	0.979069
1.265716e-07	1.11282	0.991575
1.273023e-07	1.11281	1.00464
1.280372e-07	1.1133	1.01826
1.287764e-07	1.11434	1.03241
1.295198e-07	1.11598	1.04709
1.302676e-07	1.11831	1.06226
1.310196e-07	1.12137	1.0779
1.317760e-07	1.12524	1.09398
1.325368e-07	1.13	1.11043
1.333019e-07	1.13571	1.12722
1.340715e-07	1.14247	1.14426
1.348455e-07	1.15038	1.16147
1.356239e-07	1.15956	1.17872
1.364069e-07	1.17012	1.19559
1.371944e-07	1.18167	1.21189
1.379864e-07	1.19411	1.22767
1.387830e-07	1.20737	1.24294
1.395842e-07	1.22142	1.25766
1.403900e-07	1.23622	1.27181
1.412005e-07	1.25175	1.28534
1.420157e-07	1.26797	1.29821
1.428356e-07	1.28483	1.31037
1.436602e-07	1.30228	1.32177
1.444895e-07	1.32027	1.33238
1.453237e-07	1.33874	1.34215
1.461626e-07	1.35761	1.35105
1.470064e-07	1.37682	1.35905
1.478551e-07	1.39629	1.36614
1.487087e-07	1.41594	1.37231
1.495672e-07	1.43571	1.37755
1.504306e-07	1.45552	1.38189
1.512991e-07	1.4753	1.38532
1.521726e-07	1.495	1.38787
1.530511e-07	1.51454	1.38955
1.539346e-07	1.53388	1.39041
1.548233e-07	1.55296	1.39045
1.557171e-07	1.57172	1.38971
1.566161e-07	1.59013	1.38822
1.575202e-07	1.60813	1.38601
1.584296e-07	1.62567	1.38312
1.593442e-07	1.64271	1.3796
1.602641e-07	1.6592	1.37547
1.611893e-07	1.67511	1.3708
1.621199e-07	1.6904	1.36563
1.630558e-07	1.70503	1.36001
1.639972e-07	1.71897	1.35402
1.649439e-07	1.73221	1.34771
1.658962e-07	1.74472	1.34115
1.668539e-07	1.7565	1.3344
1.678171e-07	1.76755	1.32754
1.687860e-07	1.77786	1.32062
1.697604e-07	1.78745	1.31373
1.707404e-07	1.79634	1.30691
1.717261e-07	1.80455	1.30024
1.727175e-07	1.81211	1.29376
1.737146e-07	1.81906	1.28754
1.747175e-07	1.82543	1.28161
1.757261e-07	1.83126	1.27603
1.767406e-07	1.83661	1.27082
1.777609e-07	1.84151	1.26602
1.787872e-07	1.84601	1.26166
1.798193e-07	1.85016	1.25776
1.808574e-07	1.85401	1.25434
1.819015e-07	1.8576	1.25141
1.829516e-07	1.86099	1.24899
1.840078e-07	1.86421	1.24706
1.850701e-07	1.86732	1.24565
1.861385e-07	1.87036	1.24474
1.872131e-07	1.87336	1.24433
1.882939e-07	1.87638	1.24441
1.893810e-07	1.87943	1.24497
1.904743e-07	1.88257	1.24601
1.915739e-07	1.88582	1.24751
1.926799e-07	1.88921	1.24945
1.937922e-07	1.89279	1.25182
1.949110e-07	1.89656	1.2546
1.960362e-07	1.90057	1.25777
1.971680e-07	1.90482	1.26131
1.983062e-07	1.90936	1.26521
1.994510e-07	1.91419	1.26944
2.006025e-07	1.91933	1.27398
2.017606e-07	1.92481	1.27881
2.029254e-07	1.93064	1.28392
2.040969e-07	1.93683	1.28927
2.052751e-07	1.9434	1.29485
2.064602e-07	1.95037	1.30064
2.076521e-07	1.95773	1.30661
2.088509e-07	1.9655	1.31275
2.100566e-07	1.97369	1.31903
2.112693e-07	1.9823	1.32543
2.124889e-07	1.99135	1.33193
2.137156e-07	2.00084	1.33852
2.149494e-07	2.01077	1.34517
2.161904e-07	2.02114	1.35186
2.174384e-07	2.03197	1.35858
2.186937e-07	2.04324	1.36531
2.199563e-07	2.05497	1.37202
2.212261e-07	2.06716	1.37872
2.225032e-07	2.0798	1.38536
2.237878e-07	2.0929	1.39196
2.250797e-07	2.10646	1.39848
2.263791e-07	2.12048	1.40492
2.276860e-07	2.13495	1.41126
2.290004e-07	2.14989	1.41749
2.303225e-07	2.1653	1.42361
2.316521e-07	2.18117	1.4296
2.329895e-07	2.19752	1.43546
2.343345e-07	2.21435	1.44117
2.356874e-07	2.23167	1.44674
2.370480e-07	2.24949	1.45214
2.384165e-07	2.26783	1.45737
2.397929e-07	2.2867	1.46243
2.411772e-07	2.30613	1.4673
2.425696e-07	2.32613	1.47197
2.439699e-07	2.34673	1.47643
2.453784e-07	2.36798	1.48065
2.467950e-07	2.38989	1.48461
2.482197e-07	2.41252	1.48829
2.496527e-07	2.4359	1.49164
2.510940e-07	2.46008	1.49461
2.525436e-07	2.4851	1.49716
2.540015e-07	2.51102	1.49921
2.554679e-07	2.53787	1.50068
2.569427e-07	2.5657	1.50148
2.584261e-07	2.59455	1.5015
2.599180e-07	2.62444	1.50061
2.614185e-07	2.65537	1.49867
2.629277e-07	2.68736	1.49552
2.644456e-07	2.72036	1.49099
2.659722e-07	2.75433	1.4849
2.675077e-07	2.78917	1.47705
2.690521e-07	2.82478	1.46727
2.706053e-07	2.86099	1.45536
2.721675e-07	2.8976	1.44115
2.737388e-07	2.93437	1.42451
2.753191e-07	2.97103	1.4053
2.769085e-07	3.00727	1.38348
2.785071e-07	3.04277	1.35901
2.801150e-07	3.07719	1.33194
2.817321e-07	3.11018	1.30239
2.833586e-07	3.14143	1.27052
2.849944e-07	3.17067	1.23657
2.866397e-07	3.19765	1.20081
2.882945e-07	3.22221	1.16358
2.899588e-07	3.24424	1.1252
2.916328e-07	3.26372	1.08603
2.933164e-07	3.28069	1.0464
2.950097e-07	3.29525	1.0066
2.967128e-07	3.30757	0.966894
2.984258e-07	3.31783	0.92746
3.001486e-07	3.32626	0.888426
3.018814e-07	3.33307	0.849849
3.036242e-07	3.33845	0.811724
3.053770e-07	3.34256	0.77399
3.071400e-07	3.3455	0.73655
3.089131e-07	3.34731	0.699282
3.106965e-07	3.34797	0.662071
3.124901e-07	3.3474	0.624822
3.142942e-07	3.34545	0.587487
3.161086e-07	3.34196	0.55008
3.179335e-07	3.33674	0.512687
3.197690e-07	3.32963	0.475464
3.216150e-07	3.32051	0.438629
3.234717e-07	3.30931	0.402447
3.253391e-07	3.29605	0.367203
3.272174e-07	3.2808	0.333182
3.291064e-07	3.26371	0.300645
3.310063e-07	3.24498	0.26981
3.329173e-07	3.22485	0.240846
3.348392e-07	3.20358	0.213865
3.367723e-07	3.18143	0.188924
3.387165e-07	3.15865	0.166032
3.406719e-07	3.13548	0.145157
3.426386e-07	3.11212	0.126235
3.446167e-07	3.08877	0.109179
3.466062e-07	3.06557	0.093887
3.486072e-07	3.04265	0.0802476
3.506197e-07	3.02013	0.0681467
3.526439e-07	2.99808	0.0574709
3.546797e-07	2.97658	0.0481102
3.567273e-07	2.95568	0.0399601
3.587867e-07	2.93541	0.0329226
3.608580e-07	2.91581	0.0269071
3.629412e-07	2.89691	0.0218302
3.650365e-07	2.87874	0.0176157
3.671439e-07	2.86133	0.0141932
3.692635e-07	2.84475	0.0114485
3.713952e-07	2.829	0.00924453
3.735393e-07	2.81403	0.00747289
3.756958e-07	2.79981	0.0060473
3.778647e-07	2.78629	0.00489898
3.800461e-07	2.77341	0.00397305
3.822402e-07	2.76114	0.00322567
3.844469e-07	2.74943	0.00262177
3.866663e-07	2.73824	0.00213329
3.888985e-07	2.72753	0.00173776
3.911437e-07	2.71727	0.00141715
3.934018e-07	2.70742	0.00115698
3.956729e-07	2.69797	0.00094563
3.979572e-07	2.68887	0.000773757
4.002546e-07	2.68012	0.000633834
4.025653e-07	2.67168	0.000519797
4.048893e-07	2.66354	0.000426755
4.072268e-07	2.65568	0.00035076
4.095777e-07	2.64808	0.00028862
4.119422e-07	2.64073	0.000237754
4.143204e-07	2.63361	0.000196071
4.167123e-07	2.62672	0.000161876
4.191180e-07	2.62004	0.000133792
4.215376e-07	2.61355	0.000110703
4.239712e-07	2.60726	9.17e-05
4.264188e-07	2.60114	7.6e-05
4.288805e-07	2.5952	6.31e-05
4.313565e-07	2.58942	5.25e-05
4.338467e-07	2.58379	4.36e-05
4.363513e-07	2.57832	3.64e-05
4.388704e-07	2.57299	3.03e-05
4.414041e-07	2.5678	2.53e-05
4.439523e-07	2.56273	2.11e-05
4.465153e-07	2.5578	1.77e-05
4.490930e-07	2.55298	1.48e-05
4.516857e-07	2.54829	1.24e-05
4.542933e-07	2.5437	1.04e-05
4.569160e-07	2.53922	8.75e-06
4.595538e-07	2.53485	7.35e-06
4.622068e-07	2.53057	6.19e-06
4.648751e-07	2.5264	5.21e-06
4.675589e-07	2.52232	4.4e-06
4.702581e-07	2.51832	3.71e-06
4.729730e-07	2.51442	3.14e-06
4.757035e-07	2.5106	2.66e-06
4.784497e-07	2.50686	2.25e-06
4.812119e-07	2.5032	1.91e-06
4.839899e-07	2.49962	1.62e-06
4.867840e-07	2.49611	1.37e-06
4.895943e-07	2.49267	1.17e-06
4.924207e-07	2.48931	9.94e-07
4.952635e-07	2.48601	8.47e-07
4.981227e-07	2.48278	7.22e-07
5.009984e-07	2.47961	6.16e-07
5.038907e-07	2.4765	5.27e-07
5.067997e-07	2.47346	4.5e-07
5.097255e-07	2.47047	3.85e-07
5.126681e-07	2.46754	3.3e-07
5.156278e-07	2.46467	2.83e-07
5.186046e-07	2.46185	2.43e-07
5.215985e-07	2.45908	2.09e-07
5.246097e-07	2.45636	1.8e-07
5.276383e-07	2.4537	1.55e-07
5.306844e-07	2.45108	1.33e-07
5.337481e-07	2.44851	1.15e-07
5.368294e-07	2.44599	9.91e-08
5.399286e-07	2.44351	8.56e-08
5.430456e-07	2.44107	7.4e-08
5.461807e-07	2.43868	6.4e-08
5.493338e-07	2.43633	5.55e-08
5.525051e-07	2.43402	4.81e-08
5.556948e-07	2.43175	4.17e-08
5.589028e-07	2.42952	3.62e-08
5.621294e-07	2.42733	3.15e-08
5.653746e-07	2.42517	2.74e-08
5.686386e-07	2.42305	2.38e-08
5.719214e-07	2.42097	2.07e-08
5.752231e-07	2.41892	1.81e-08
5.785439e-07	2.4169	1.58e-08
5.818839e-07	2.41492	1.38e-08
5.852431e-07	2.41297	1.2e-08
5.886218e-07	2.41105	1.05e-08
5.920199e-07	2.40917	9.21e-09
5.954377e-07	2.40731	8.06e-09
5.988752e-07	2.40548	7.06e-09
6.023325e-07	2.40369	6.19e-09
6.058098e-07	2.40192	5.43e-09
6.093072e-07	2.40017	4.76e-09
6.128248e-07	2.39846	4.18e-09
6.163627e-07	2.39677	3.67e-09
6.199210e-07	2.39511	3.23e-09
6.234998e-07	2.39347	2.84e-09
6.270993e-07	2.39186	2.49e-09
6.307196e-07	2.39028	2.19e-09
6.343608e-07	2.38871	1.93e-09
6.380230e-07	2.38717	1.7e-09
6.417063e-07	2.38566	1.49e-09
6.454109e-07	2.38416	1.31e-09
6.491369e-07	2.38269	1.15e-09
6.528844e-07	2.38124	1.01e-09
6.566536e-07	2.37982	8.86e-10
6.604445e-07	2.37841	7.76e-10
6.642573e-07	2.37702	6.79e-10
6.680921e-07	2.37566	5.93e-10
6.719490e-07	2.37431	5.16e-10
6.758282e-07	2.37298	4.49e-10
6.797298e-07	2.37167	3.89e-10
6.836539e-07	2.37038	3.35e-10
6.876007e-07	2.36911	2.87e-10
6.915703e-07	2.36786	2.45e-10
6.955628e-07	2.36662	2.07e-10
6.995783e-07	2.3654	1.73e-10
7.036170e-07	2.3642	1.43e-10
7.076790e-07	2.36302	1.16e-10
7.117645e-07	2.36185	9.15e-11
7.158736e-07	2.3607	6.96e-11
7.200063e-07	2.35956	4.99e-11
7.241630e-07	2.35844	3.22e-11
7.283436e-07	2.35733	1.62e-11
7.325484e-07	2.35624	1.77e-12
7.367774e-07	2.35516	0
7.410309e-07	2.3541	0
7.453089e-07	2.35305	0
7.496116e-07	2.35202	0
7.539392e-07	2.351	0
7.582917e-07	2.34999	0
7.626694e-07	2.349	0
7.670723e-07	2.34802	0
7.715007e-07	2.34705	0
7.759546e-07	2.3461	0
7.804343e-07	2.34515	0
7.849398e-07	2.34422	0
7.894713e-07	2.3433	0
7.940289e-07	2.34239	0
7.986129e-07	2.3415	0
8.032233e-07	2.34061	0
8.078604e-07	2.33974	0
8.125242e-07	2.33888	0
8.172150e-07	2.33802	0
8.219328e-07	2.33718	0
8.266779e-07	2.33635	0
8.314504e-07	2.33553	0
8.362504e-07	2.33472	0
8.410781e-07	2.33391	0
8.459337e-07	2.33312	0
8.508173e-07	2.33234	0
8.557291e-07	2.33157	0
8.606693e-07	2.3308	0
8.656380e-07	2.33005	0
8.706354e-07	2.3293	0
8.756616e-07	2.32856	0
8.807169e-07	2.32784	0
8.858013e-07	2.32711	0
8.909151e-07	2.3264	0
8.960584e-07	2.3257	0
9.012314e-07	2.325	0
9.064343e-07	2.32431	0
9.116672e-07	2.32363	0
9.169303e-07	2.32296	0
9.222238e-07	2.32229	0
9.275479e-07	2.32164	0
9.329026e-07	2.32099	0
9.382883e-07	2.32034	0
9.437051e-07	2.3197	0
9.491532e-07	2.31907	0
9.546327e-07	2.31845	0
9.601439e-07	2.31783	0
9.656869e-07	2.31722	0
9.712618e-07	2.31662	0
9.768690e-07	2.31602	0
9.825085e-07	2.31543	0
9.881806e-07	2.31485	0
9.938854e-07	2.31427	0
9.996232e-07	2.31369	0
1.005394e-06	2.31312	0
1.011198e-06	2.31256	0
1.017036e-06	2.31201	0
1.022907e-06	2.31145	0
1.028813e-06	2.31091	0
1.034752e-06	2.31037	0
1.040726e-06	2.30983	0
1.046734e-06	2.3093	0
1.052777e-06	2.30878	0
1.058855e-06	2.30826	0
1.064967e-06	2.30774	0
1.071116e-06	2.30723	0
1.077299e-06	2.30672	0
1.083518e-06	2.30622	0
1.089774e-06	2.30572	0
1.096065e-06	2.30523	0
1.102393e-06	2.30474	0
1.108757e-06	2.30426	0
1.115158e-06	2.30378	0
1.121596e-06	2.3033	0
1.128071e-06	2.30283	0
1.134583e-06	2.30236	0
1.141133e-06	2.30189	0
1.147721e-06	2.30143	0
1.154347e-06	2.30097	0
1.161011e-06	2.30052	0
1.167714e-06	2.30007	0
1.174455e-06	2.29962	0
1.181235e-06	2.29918	0
1.188054e-06	2.29874	0
1.194913e-06	2.2983	0
1.201811e-06	2.29787	0
1.208750e-06	2.29744	0
1.215728e-06	2.29701	0
1.222746e-06	2.29658	0
1.229805e-06	2.29616	0
1.236905e-06	2.29574	0
1.244046e-06	2.29532	0
1.251228e-06	2.29491	0
1.258451e-06	2.2945	0
1.265716e-06	2.29409	0
1.273023e-06	2.29368	0
1.280372e-06	2.29328	0
1.287764e-06	2.29288	0
1.295198e-06	2.29248	0
1.302676e-06	2.29208	0
1.310196e-06	2.29169	0
1.317760e-06	2.29129	0
1.325368e-06	2.2909	0
1.333019e-06	2.29051	0
1.340715e-06	2.29013	0
1.348455e-06	2.28974	0
1.356239e-06	2.28936	0
1.364069e-06	2.28898	0
1.371944e-06	2.2886	0
1.379864e-06	2.28822	0
1.387830e-06	2.28784	0
1.395842e-06	2.28747	0
1.403900e-06	2.28709	0
1.412005e-06	2.28672	0
1.420157e-06	2.28635	0
1.428356e-06	2.28598	0
1.436602e-06	2.28561	0
1.444895e-06	2.28524	0
1.453237e-06	2.28488	0
1.461626e-06	2.28451	6.77295e-319
1.470064e-06	2.28415	2.69529e-314
1.478551e-06	2.28378	9.34593e-310
1.487087e-06	2.28342	2.83e-305
1.495672e-06	2.28306	7.49e-301
1.504306e-06	2.2827	1.73e-296
1.512991e-06	2.28234	3.53e-292
1.521726e-06	2.28198	6.3e-288
1.530511e-06	2.28162	9.9e-284
1.539346e-06	2.28126	1.37e-279
1.548233e-06	2.28091	1.68e-275
1.557171e-06	2.28055	1.81e-271
1.566161e-06	2.28019	1.73e-267
1.575202e-06	2.27984	1.47e-263
1.584296e-06	2.27948	1.11e-259
1.593442e-06	2.27913	7.42e-256
1.602641e-06	2.27877	4.43e-252
1.611893e-06	2.27842	2.36e-248
1.621199e-06	2.27806	1.12e-244
1.630558e-06	2.27771	4.76e-241
1.639972e-06	2.27735	1.81e-237
1.649439e-06	2.277	6.17e-234
1.658962e-06	2.27664	1.89e-230
1.668539e-06	2.27629	5.21e-227
1.678171e-06	2.27593	1.29e-223
1.687860e-06	2.27558	2.89e-220
1.697604e-06	2.27522	5.82e-217
1.707404e-06	2.27486	1.06e-213
1.717261e-06	2.27451	1.75e-210
1.727175e-06	2.27415	2.61e-207
1.737146e-06	2.27379	3.54e-204
1.747175e-06	2.27343	4.36e-201
1.757261e-06	2.27308	4.87e-198
1.767406e-06	2.27272	4.96e-195
1.777609e-06	2.27236	4.61e-192
1.787872e-06	2.272	3.9e-189
1.798193e-06	2.27163	3.02e-186
1.808574e-06	2.27127	2.13e-183
1.819015e-06	2.27091	1.38e-180
1.829516e-06	2.27054	8.18e-178
1.840078e-06	2.27018	4.45e-175
1.850701e-06	2.26981	2.22e-172
1.861385e-06	2.26944	1.02e-169
1.872131e-06	2.26907	4.32e-167
1.882939e-06	2.2687	1.68e-164
1.893810e-06	2.26833	6.04e-162
1.904743e-06	2.26796	2e-159
1.915739e-06	2.26759	6.13e-157
1.926799e-06	2.26721	1.74e-154
1.937922e-06	2.26683	4.55e-152
1.949110e-06	2.26646	1.11e-149
1.960362e-06	2.26607	2.49e-147
1.971680e-06	2.26569	5.22e-145
1.983062e-06	2.26531	1.01e-142
1.994510e-06	2.26492	1.83e-140
2.006025e-06	2.26454	3.09e-138
2.017606e-06	2.26415	4.84e-136
2.029254e-06	2.26376	7.09e-134
2.040969e-06	2.26336	9.68e-132
2.052751e-06	2.26297	1.23e-129
2.064602e-06	2.26257	1.47e-127
2.076521e-06	2.26217	1.64e-125
2.088509e-06	2.26177	1.72e-123
2.100566e-06	2.26137	1.68e-121
2.112693e-06	2.26096	1.55e-119
2.124889e-06	2.26055	1.33e-117
2.137156e-06	2.26014	1.08e-115
2.149494e-06	2.25973	8.24e-114
2.161904e-06	2.25931	5.91e-112
2.174384e-06	2.25889	3.99e-110
2.186937e-06	2.25847	2.54e-108
2.199563e-06	2.25804	1.53e-106
2.212261e-06	2.25762	8.65e-105
2.225032e-06	2.25719	4.63e-103
2.237878e-06	2.25675	2.34e-101
2.250797e-06	2.25632	1.12e-99
2.263791e-06	2.25588	5.07e-98
2.276860e-06	2.25543	2.18e-96
2.290004e-06	2.25499	8.85e-95
2.303225e-06	2.25454	3.41e-93
2.316521e-06	2.25409	1.25e-91
2.329895e-06	2.25363	4.34e-90
2.343345e-06	2.25317	1.43e-88
2.356874e-06	2.25271	4.5e-87
2.370480e-06	2.25224	1.35e-85
2.384165e-06	2.25177	3.83e-84
2.397929e-06	2.2513	1.04e-82
2.411772e-06	2.25082	2.68e-81
2.425696e-06	2.25034	6.62e-80
2.439699e-06	2.24985	1.56e-78
2.453784e-06	2.24936	3.5e-77
2.467950e-06	2.24887	7.51e-76
2.482197e-06	2.24837	1.54e-74
2.496527e-06	2.24787	3.03e-73
2.510940e-06	2.24736	5.7e-72
2.525436e-06	2.24685	1.03e-70
2.540015e-06	2.24633	1.77e-69
2.554679e-06	2.24581	2.93e-68
2.569427e-06	2.24529	4.65e-67
2.584261e-06	2.24476	7.09e-66
2.599180e-06	2.24422	1.04e-64
2.614185e-06	2.24368	1.46e-63
2.629277e-06	2.24314	1.97e-62
2.644456e-06	2.24259	2.56e-61
2.659722e-06	2.24203	3.2e-60
2.675077e-06	2.24147	3.85e-59
2.690521e-06	2.24091	4.47e-58
2.706053e-06	2.24034	5e-57
2.721675e-06	2.23976	5.38e-56
2.737388e-06	2.23918	5.6e-55
2.753191e-06	2.23859	5.61e-54
2.769085e-06	2.238	5.44e-53
2.785071e-06	2.2374	5.09e-52
2.801150e-06	2.23679	4.6e-51
2.817321e-06	2.23618	4.02e-50
2.833586e-06	2.23556	3.4e-49
2.849944e-06	2.23494	2.78e-48
2.866397e-06	2.23431	2.2e-47
2.882945e-06	2.23367	1.69e-46
2.899588e-06	2.23303	1.25e-45
2.916328e-06	2.23238	9.02e-45
2.933164e-06	2.23172	6.29e-44
2.950097e-06	2.23105	4.26e-43
2.967128e-06	2.23038	2.8e-42
2.984258e-06	2.2297	1.79e-41
3.001486e-06	2.22902	1.11e-40
3.018814e-06	2.22833	6.66e-40
3.036242e-06	2.22763	3.9e-39
3.053770e-06	2.22692	2.22e-38
3.071400e-06	2.2262	1.23e-37
3.089131e-06	2.22548	6.6e-37
3.106965e-06	2.22475	3.46e-36
3.124901e-06	2.22401	1.76e-35
3.142942e-06	2.22326	8.76e-35
3.161086e-06	2.2225	4.24e-34
3.179335e-06	2.22174	2e-33
3.197690e-06	2.22096	9.2e-33
3.216150e-06	2.22018	4.13e-32
3.234717e-06	2.21939	1.81e-31
3.253391e-06	2.21859	7.71e-31
3.272174e-06	2.21778	3.22e-30
3.291064e-06	2.21697	1.31e-29
3.310063e-06	2.21614	5.21e-29
3.329173e-06	2.2153	2.03e-28
3.348392e-06	2.21445	7.7e-28
3.367723e-06	2.2136	2.86e-27
3.387165e-06	2.21273	1.04e-26
3.406719e-06	2.21185	3.7e-26
3.426386e-06	2.21097	1.29e-25
3.446167e-06	2.21007	4.38e-25
3.466062e-06	2.20916	1.46e-24
3.486072e-06	2.20824	4.77e-24
3.506197e-06	2.20731	1.53e-23
3.526439e-06	2.20637	4.79e-23
3.546797e-06	2.20542	1.47e-22
3.567273e-06	2.20445	4.45e-22
3.587867e-06	2.20348	1.32e-21
3.608580e-06	2.20249	3.82e-21
3.629412e-06	2.20149	1.09e-20
3.650365e-06	2.20048	3.04e-20
3.671439e-06	2.19945	8.33e-20
3.692635e-06	2.19842	2.25e-19
3.713952e-06	2.19737	5.95e-19
3.735393e-06	2.1963	1.55e-18
3.756958e-06	2.19523	3.95e-18
3.778647e-06	2.19414	9.93e-18
3.800461e-06	2.19304	2.45e-17
3.822402e-06	2.19192	5.96e-17
3.844469e-06	2.19079	1.43e-16
3.866663e-06	2.18964	3.35e-16
3.888985e-06	2.18848	7.76e-16
3.911437e-06	2.18731	1.77e-15
3.934018e-06	2.18612	3.96e-15
3.956729e-06	2.18491	8.75e-15
3.979572e-06	2.18369	1.9e-14
4.002546e-06	2.18245	4.08e-14
4.025653e-06	2.1812	8.62e-14
4.048893e-06	2.17993	1.79e-13
4.072268e-06	2.17864	3.68e-13
4.095777e-06	2.17734	7.45e-13
4.119422e-06	2.17602	1.49e-12
4.143204e-06	2.17468	2.92e-12
4.167123e-06	2.17333	5.68e-12
4.191180e-06	2.17195	1.09e-11
4.215376e-06	2.17056	2.06e-11
4.239712e-06	2.16915	3.84e-11
4.264188e-06	2.16772	7.07e-11
4.288805e-06	2.16627	1.29e-10
4.313565e-06	2.1648	2.31e-10
4.338467e-06	2.16331	4.1e-10
4.363513e-06	2.1618	7.19e-10
4.388704e-06	2.16026	1.25e-09
4.414041e-06	2.15871	2.13e-09
4.439523e-06	2.15714	3.61e-09
4.465153e-06	2.15554	6.05e-09
4.490930e-06	2.15392	1e-08
4.516857e-06	2.15227	1.64e-08
4.542933e-06	2.15061	2.65e-08
4.569160e-06	2.14892	4.25e-08
4.595538e-06	2.1472	6.73e-08
4.622068e-06	2.14546	1.05e-07
4.648751e-06	2.14369	1.64e-07
4.675589e-06	2.1419	2.51e-07
4.702581e-06	2.14008	3.82e-07
4.729730e-06	2.13823	5.76e-07
4.757035e-06	2.13635	8.58e-07
4.784497e-06	2.13444	1.27e-06
4.812119e-06	2.13251	1.85e-06
4.839899e-06	2.13054	2.69e-06
4.867840e-06	2.12854	3.86e-06
4.895943e-06	2.12651	5.49e-06
4.924207e-06	2.12445	7.75e-06
4.952635e-06	2.12235	1.08e-05
4.981227e-06	2.12021	1.5e-05
5.009984e-06	2.11804	2.06e-05
5.038907e-06	2.11582	2.81e-05
5.067997e-06	2.11357	3.8e-05
5.097255e-06	2.11128	5.09e-05
5.126681e-06	2.10894	6.77e-05
5.156278e-06	2.10656	8.93e-05
5.186046e-06	2.10413	0.000116923
5.215985e-06	2.10166	0.000151879
5.246097e-06	2.09913	0.000195796
5.276383e-06	2.09656	0.000250538
5.306844e-06	2.09393	0.000318239
5.337481e-06	2.09125	0.000401321
5.368294e-06	2.08851	0.0005025
5.399286e-06	2.08572	0.000624789
5.430456e-06	2.08287	0.000771491
5.461807e-06	2.07996	0.00094618
5.493338e-06	2.077	0.00115268
5.525051e-06	2.07398	0.001395
5.556948e-06	2.0709	0.00167735
5.589028e-06	2.06777	0.00200397
5.621294e-06	2.06458	0.00237916
5.653746e-06	2.06135	0.00280713
5.686386e-06	2.05807	0.00329191
5.719214e-06	2.05474	0.00383725
5.752231e-06	2.05138	0.00444651
5.785439e-06	2.04799	0.00512252
5.818839e-06	2.04458	0.00586748
5.852431e-06	2.04114	0.00668284
5.886218e-06	2.03769	0.00756918
5.920199e-06	2.03424	0.00852613
5.954377e-06	2.03079	0.00955225
5.988752e-06	2.02736	0.010645
6.023325e-06	2.02394	0.0118007
6.058098e-06	2.02055	0.0130143
6.093072e-06	2.01719	0.01428
6.128248e-06	2.01387	0.0155904
6.163627e-06	2.0106	0.0169372
6.199210e-06	2.00738	0.0183112
6.234998e-06	2.00421	0.0197023
6.270993e-06	2.0011	0.0210994
6.307196e-06	1.99805	0.0224911
6.343608e-06	1.99506	0.0238656
6.380230e-06	1.99212	0.0252109
6.417063e-06	1.98923	0.0265148
6.454109e-06	1.9864	0.0277655
6.491369e-06	1.9836	0.0289517
6.528844e-06	1.98084	0.0300623
6.566536e-06	1.9781	0.0310874
6.604445e-06	1.97538	0.0320178
6.642573e-06	1.97266	0.0328455
6.680921e-06	1.96993	0.0335636
6.719490e-06	1.96718	0.0341666
6.758282e-06	1.9644	0.0346501
6.797298e-06	1.96157	0.0350114
6.836539e-06	1.95868	0.035249
6.876007e-06	1.9557	0.0353627
6.915703e-06	1.95264	0.0353538
6.955628e-06	1.94948	0.0352247
6.995783e-06	1.9462	0.0349792
7.036170e-06	1.94279	0.0346219
7.076790e-06	1.93923	0.0341584
7.117645e-06	1.93553	0.0335953
7.158736e-06	1.93166	0.0329398
7.200063e-06	1.92762	0.0321997
7.241630e-06	1.9234	0.0313831
7.283436e-06	1.91899	0.0304985
7.325484e-06	1.91438	0.0295547
7.367774e-06	1.90958	0.0285604
7.410309e-06	1.90456	0.0275243
7.453089e-06	1.89934	0.0264548
7.496116e-06	1.8939	0.0253604
7.539392e-06	1.88824	0.0242489
7.582917e-06	1.88236	0.0231279
7.626694e-06	1.87625	0.0220046
7.670723e-06	1.86992	0.0208857
7.715007e-06	1.86336	0.0197772
7.759546e-06	1.85657	0.0186849
7.804343e-06	1.84955	0.0176139
7.849398e-06	1.84229	0.0165688
7.894713e-06	1.83479	0.0155538
7.940289e-06	1.82706	0.0145726
7.986129e-06	1.81907	0.0136286
8.032233e-06	1.81084	0.0127247
8.078604e-06	1.80236	0.0118639
8.125242e-06	1.79362	0.0110487
8.172150e-06	1.78461	0.0102818
8.219328e-06	1.77533	0.00956593
8.266779e-06	1.76576	0.00890408
8.314504e-06	1.75591	0.00829959
8.362504e-06	1.74575	0.00775639
8.410781e-06	1.73528	0.00727917
8.459337e-06	1.72447	0.00687359
8.508173e-06	1.71333	0.00654651
8.557291e-06	1.70182	0.00630623
8.606693e-06	1.68994	0.00616275
8.656380e-06	1.67766	0.00612808
8.706354e-06	1.66496	0.00621648
8.756616e-06	1.65183	0.00644479
8.807169e-06	1.63824	0.00683274
8.858013e-06	1.62417	0.00740326
8.909151e-06	1.6096	0.0081828
8.960584e-06	1.59451	0.00920162
9.012314e-06	1.57887	0.0104941
9.064343e-06	1.56267	0.0120992
9.116672e-06	1.54588	0.0140602
9.169303e-06	1.52848	0.0164257
9.222238e-06	1.51047	0.0192493
9.275479e-06	1.49184	0.0225898
9.329026e-06	1.47256	0.0265114
9.382883e-06	1.45266	0.0310839
9.437051e-06	1.43212	0.0363825
9.491532e-06	1.41096	0.0424874
9.546327e-06	1.3892	0.0494839
9.601439e-06	1.36688	0.0574617
9.656869e-06	1.34404	0.0665142
9.712618e-06	1.32072	0.0767375
9.768690e-06	1.29701	0.0882287
9.825085e-06	1.27299	0.101084
9.881806e-06	1.24878	0.115397
9.938854e-06	1.22449	0.131252
9.996232e-06	1.20029	0.148725
1.005394e-05	1.17635	0.167873
1.011198e-05	1.15285	0.188729
1.017036e-05	1.13003	0.211297
1.022907e-05	1.1081	0.235541
1.028813e-05	1.08731	0.261381
1.034752e-05	1.06788	0.288688
1.040726e-05	1.05002	0.317279
1.046734e-05	1.03393	0.346924
1.052777e-05	1.01972	0.377353
1.058855e-05	1.00747	0.408269
1.064967e-05	0.997195	0.439364
1.071116e-05	0.988837	0.470336
1.077299e-05	0.982284	0.500905
1.083518e-05	0.977371	0.530828
1.089774e-05	0.973898	0.559903
1.096065e-05	0.971638	0.587977
1.102393e-05	0.970347	0.614942
1.108757e-05	0.969778	0.640742
1.115158e-05	0.969684	0.665361
1.121596e-05	0.969828	0.688828
1.128071e-05	0.969987	0.711209
1.134583e-05	0.969954	0.732608
1.141133e-05	0.969549	0.753161
1.147721e-05	0.96862	0.773036
1.154347e-05	0.967048	0.792428
1.161011e-05	0.96476	0.811553
1.167714e-05	0.961728	0.830643
1.174455e-05	0.957981	0.849931
1.181235e-05	0.953603	0.869646
1.188054e-05	0.94874	0.88999
1.194913e-05	0.943592	0.911122
1.201811e-05	0.938404	0.933146
1.208750e-05	0.933448	0.956087
1.215728e-05	0.929005	0.979889
1.222746e-05	0.925332	1.00441
1.229805e-05	0.922642	1.02941
1.236905e-05	0.921071	1.05462
1.244046e-05	0.920667	1.07969
1.251228e-05	0.921372	1.10427
1.258451e-05	0.923026	1.12804
1.265716e-05	0.925369	1.15071
1.273023e-05	0.92806	1.17206
1.280372e-05	0.930695	1.19196
1.287764e-05	0.932831	1.21041
1.295198e-05	0.934015	1.2275
1.302676e-05	0.933807	1.24343
1.310196e-05	0.931812	1.25853
1.317760e-05	0.927704	1.27323
1.325368e-05	0.921252	1.28804
1.333019e-05	0.912339	1.30352
1.340715e-05	0.900984	1.32031
1.348455e-05	0.887352	1.33903
1.356239e-05	0.871758	1.36026
1.364069e-05	0.85466	1.38453
1.371944e-05	0.836641	1.41224
1.379864e-05	0.818373	1.44367
1.387830e-05	0.800577	1.47891
1.395842e-05	0.783974	1.51789
1.403900e-05	0.769234	1.56039
1.412005e-05	0.756941	1.60603
1.420157e-05	0.747563	1.65437
1.428356e-05	0.741446	1.70488
1.436602e-05	0.738812	1.75701
1.444895e-05	0.739773	1.81025
1.453237e-05	0.744347	1.86407
1.461626e-05	0.752476	1.91801
1.470064e-05	0.764041	1.97165
1.478551e-05	0.77888	2.0246
1.487087e-05	0.796796	2.07655
1.495672e-05	0.817567	2.12721
1.504306e-05	0.840954	2.17632
1.512991e-05	0.866703	2.22368
1.521726e-05	0.894549	2.26914
1.530511e-05	0.924222	2.31254
1.539346e-05	0.955446	2.35381
1.548233e-05	0.987948	2.39287
1.557171e-05	1.02145	2.42969
1.566161e-05	1.0557	2.46429
1.575202e-05	1.09042	2.4967
1.584296e-05	1.12538	2.52699
1.593442e-05	1.16036	2.55526
1.602641e-05	1.19515	2.58163
1.611893e-05	1.22957	2.60624
1.621199e-05	1.26347	2.62926
1.630558e-05	1.29673	2.65086
1.639972e-05	1.32926	2.67123
1.649439e-05	1.361	2.69057
1.658962e-05	1.39193	2.70904
1.668539e-05	1.42203	2.72685
1.678171e-05	1.45135	2.74416
1.687860e-05	1.47994	2.76112
1.697604e-05	1.50786	2.77786
1.707404e-05	1.5352	2.79451
1.717261e-05	1.56208	2.81116
1.727175e-05	1.5886	2.82788
1.737146e-05	1.61486	2.84471
1.747175e-05	1.64099	2.86168
1.757261e-05	1.66709	2.8788
1.767406e-05	1.69326	2.89604
1.777609e-05	1.71958	2.91338
1.787872e-05	1.74614	2.93078
1.798193e-05	1.773	2.94818
1.808574e-05	1.8002	2.96553
1.819015e-05	1.82779	2.98276
1.829516e-05	1.85579	2.9998
1.840078e-05	1.8842	3.0166
1.850701e-05	1.91304	3.03309
1.861385e-05	1.94228	3.04921
1.872131e-05	1.97191	3.06492
1.882939e-05	2.00191	3.08015
1.893810e-05	2.03224	3.09488
1.904743e-05	2.06288	3.10907
1.915739e-05	2.09378	3.12269
1.926799e-05	2.1249	3.13571
1.937922e-05	2.15622	3.14813
1.949110e-05	2.18767	3.15992
1.960362e-05	2.21924	3.17109
1.971680e-05	2.25088	3.18163
1.983062e-05	2.28255	3.19154
1.994510e-05	2.31422	3.20083
2.006025e-05	2.34586	3.2095
2.017606e-05	2.37743	3.21757
2.029254e-05	2.40891	3.22504
2.040969e-05	2.44027	3.23194
2.052751e-05	2.47149	3.23826
2.064602e-05	2.50254	3.24404
2.076521e-05	2.5334	3.24929
2.088509e-05	2.56405	3.25402
2.100566e-05	2.59448	3.25825
2.112693e-05	2.62466	3.262
2.124889e-05	2.65459	3.26529
2.137156e-05	2.68424	3.26813
2.149494e-05	2.7136	3.27054
2.161904e-05	2.74266	3.27255
2.174384e-05	2.77141	3.27417
2.186937e-05	2.79983	3.27542
2.199563e-05	2.82792	3.27632
2.212261e-05	2.85567	3.27689
2.225032e-05	2.88305	3.27714
2.237878e-05	2.91008	3.27711
2.250797e-05	2.93673	3.2768
2.263791e-05	2.963	3.27625
2.276860e-05	2.98888	3.27547
2.290004e-05	3.01437	3.27449
2.303225e-05	3.03946	3.27333
2.316521e-05	3.06413	3.27201
2.329895e-05	3.0884	3.27056
2.343345e-05	3.11224	3.26901
2.356874e-05	3.13567	3.26739
2.370480e-05	3.15868	3.26571
2.384165e-05	3.18126	3.26402
2.397929e-05	3.20343	3.26235
2.411772e-05	3.22518	3.26072
2.425696e-05	3.24652	3.25917
2.439699e-05	3.26746	3.25773
2.453784e-05	3.28801	3.25644
2.467950e-05	3.30818	3.25534
2.482197e-05	3.32799	3.25446
2.496527e-05	3.34746	3.25384
2.510940e-05	3.36661	3.25351
2.525436e-05	3.38547	3.25351
2.540015e-05	3.40407	3.25387
2.554679e-05	3.42245	3.25464
2.569427e-05	3.44065	3.25583
2.584261e-05	3.45871	3.25748
2.599180e-05	3.47667	3.25962
2.614185e-05	3.4946	3.26227
2.629277e-05	3.51255	3.26545
2.644456e-05	3.53057	3.26917
2.659722e-05	3.54873	3.27344
2.675077e-05	3.56709	3.27827
2.690521e-05	3.58572	3.28366
2.706053e-05	3.60469	3.28959
2.721675e-05	3.62407	3.29605
2.737388e-05	3.64393	3.30302
2.753191e-05	3.66434	3.31046
2.769085e-05	3.68536	3.31835
2.785071e-05	3.70705	3.32663
2.801150e-05	3.72949	3.33526
2.817321e-05	3.75273	3.34417
2.833586e-05	3.77682	3.35331
2.849944e-05	3.8018	3.36259
2.866397e-05	3.82772	3.37195
2.882945e-05	3.85461	3.3813
2.899588e-05	3.88249	3.39056
2.916328e-05	3.91139	3.39964
2.933164e-05	3.94131	3.40845
2.950097e-05	3.97225	3.4169
2.967128e-05	4.00421	3.42491
2.984258e-05	4.03716	3.43237
3.001486e-05	4.0711	3.43921
3.018814e-05	4.10597	3.44533
3.036242e-05	4.14175	3.45065
3.053770e-05	4.17838	3.4551
3.071400e-05	4.21581	3.45859
3.089131e-05	4.25397	3.46106
3.106965e-05	4.29281	3.46245
3.124901e-05	4.33226	3.46269
3.142942e-05	4.37222	3.46173
3.161086e-05	4.41264	3.45954
3.179335e-05	4.45341	3.45607
3.197690e-05	4.49447	3.45129
3.216150e-05	4.53572	3.44518
3.234717e-05	4.57707	3.43773
3.253391e-05	4.61845	3.42892
3.272174e-05	4.65975	3.41875
3.291064e-05	4.7009	3.40723
3.310063e-05	4.74181	3.39437
3.329173e-05	4.78241	3.38018
3.348392e-05	4.8226	3.3647
3.367723e-05	4.86231	3.34794
3.387165e-05	4.90147	3.32995
3.406719e-05	4.94001	3.31076
3.426386e-05	4.97787	3.29041
3.446167e-05	5.01497	3.26895
3.466062e-05	5.05127	3.24644
3.486072e-05	5.0867	3.22293
3.506197e-05	5.12123	3.19847
3.526439e-05	5.15481	3.17312
3.546797e-05	5.18739	3.14694
3.567273e-05	5.21895	3.12
3.587867e-05	5.24946	3.09236
3.608580e-05	5.27888	3.06408
3.629412e-05	5.3072	3.03524
3.650365e-05	5.33441	3.00588
3.671439e-05	5.3605	2.97608
3.692635e-05	5.38545	2.9459
3.713952e-05	5.40927	2.91541
3.735393e-05	5.43195	2.88466
3.756958e-05	5.4535	2.85371
3.778647e-05	5.47394	2.82263
3.800461e-05	5.49327	2.79146
3.822402e-05	5.5115	2.76028
3.844469e-05	5.52866	2.72912
3.866663e-05	5.54477	2.69803
3.888985e-05	5.55986	2.66707
3.911437e-05	5.57393	2.63628
3.934018e-05	5.58704	2.60571
3.956729e-05	5.59919	2.57539
3.979572e-05	5.61044	2.54535
4.002546e-05	5.6208	2.51564
4.025653e-05	5.63031	2.48629
4.048893e-05	5.63901	2.45732
4.072268e-05	5.64693	2.42877
4.095777e-05	5.6541	2.40065
4.119422e-05	5.66057	2.37299
4.143204e-05	5.66637	2.3458
4.167123e-05	5.67154	2.3191
4.191180e-05	5.67611	2.29291
4.215376e-05	5.68012	2.26723
4.239712e-05	5.6836	2.24208
4.264188e-05	5.68659	2.21746
4.288805e-05	5.68912	2.19337
4.313565e-05	5.69123	2.16983
4.338467e-05	5.69295	2.14682
4.363513e-05	5.69431	2.12436
4.388704e-05	5.69533	2.10243
4.414041e-05	5.69606	2.08104
4.439523e-05	5.69652	2.06018
4.465153e-05	5.69674	2.03984
4.490930e-05	5.69674	2.02001
4.516857e-05	5.69654	2.0007
4.542933e-05	5.69618	1.98187
4.569160e-05	5.69566	1.96354
4.595538e-05	5.69503	1.94568
4.622068e-05	5.69428	1.92829
4.648751e-05	5.69345	1.91135
4.675589e-05	5.69255	1.89485
4.702581e-05	5.6916	1.87878
4.729730e-05	5.69061	1.86312
4.757035e-05	5.68959	1.84786
4.784497e-05	5.68856	1.83299
4.812119e-05	5.68753	1.81849
4.839899e-05	5.68651	1.80435
4.867840e-05	5.6855	1.79056
4.895943e-05	5.68453	1.7771
4.924207e-05	5.6836	1.76397
4.952635e-05	5.6827	1.75113
4.981227e-05	5.68186	1.7386
5.009984e-05	5.68107	1.72634
5.038907e-05	5.68034	1.71435
5.067997e-05	5.67968	1.70262
5.097255e-05	5.67908	1.69114
5.126681e-05	5.67855	1.67989
5.156278e-05	5.67809	1.66886
5.186046e-05	5.67771	1.65804
5.215985e-05	5.67739	1.64743
5.246097e-05	5.67716	1.63701
5.276383e-05	5.677	1.62677
5.306844e-05	5.67692	1.61671
5.337481e-05	5.67691	1.60681
5.368294e-05	5.67697	1.59707
5.399286e-05	5.67711	1.58748
5.430456e-05	5.67733	1.57803
5.461807e-05	5.67761	1.56871
5.493338e-05	5.67797	1.55952
5.525051e-05	5.67839	1.55045
5.556948e-05	5.67888	1.5415
5.589028e-05	5.67943	1.53265
5.621294e-05	5.68005	1.52391
5.653746e-05	5.68073	1.51527
5.686386e-05	5.68146	1.50672
5.719214e-05	5.68226	1.49827
5.752231e-05	5.6831	1.48989
5.785439e-05	5.684	1.4816
5.818839e-05	5.68495	1.47338
5.852431e-05	5.68594	1.46524
5.886218e-05	5.68698	1.45717
5.920199e-05	5.68807	1.44916
5.954377e-05	5.68919	1.44122
5.988752e-05	5.69035	1.43334
6.023325e-05	5.69155	1.42552
6.058098e-05	5.69279	1.41775
6.093072e-05	5.69405	1.41004
6.128248e-05	5.69535	1.40239
6.163627e-05	5.69667	1.39478
6.199210e-05	5.69802	1.38722
6.234998e-05	5.6994	1.37971
6.270993e-05	5.7008	1.37224
6.307196e-05	5.70222	1.36482
6.343608e-05	5.70366	1.35744
6.380230e-05	5.70511	1.35011
6.417063e-05	5.70658	1.34281
6.454109e-05	5.70807	1.33555
6.491369e-05	5.70957	1.32834
6.528844e-05	5.71109	1.32116
6.566536e-05	5.71261	1.31402
6.604445e-05	5.71414	1.30691
6.642573e-05	5.71568	1.29984
6.680921e-05	5.71723	1.29281
6.719490e-05	5.71878	1.28581
6.758282e-05	5.72034	1.27884
6.797298e-05	5.7219	1.27191
6.836539e-05	5.72346	1.26501
6.876007e-05	5.72503	1.25814
6.915703e-05	5.72659	1.25131
6.955628e-05	5.72816	1.24451
6.995783e-05	5.72973	1.23774
7.036170e-05	5.73129	1.23101
7.076790e-05	5.73285	1.2243
7.117645e-05	5.73441	1.21763
7.158736e-05	5.73596	1.21098
7.200063e-05	5.73752	1.20437
7.241630e-05	5.73906	1.19779
7.283436e-05	5.7406	1.19124
7.325484e-05	5.74214	1.18472
7.367774e-05	5.74367	1.17823
7.410309e-05	5.74519	1.17177
7.453089e-05	5.7467	1.16534
7.496116e-05	5.74821	1.15894
7.539392e-05	5.74971	1.15257
7.582917e-05	5.7512	1.14623
7.626694e-05	5.75269	1.13992
7.670723e-05	5.75416	1.13364
7.715007e-05	5.75562	1.12739
7.759546e-05	5.75708	1.12117
7.804343e-05	5.75853	1.11498
7.849398e-05	5.75996	1.10882
7.894713e-05	5.76139	1.10269
7.940289e-05	5.7628	1.09658
7.986129e-05	5.76421	1.09051
8.032233e-05	5.76561	1.08447
8.078604e-05	5.76699	1.07845
8.125242e-05	5.76836	1.07247
8.172150e-05	5.76973	1.06651
8.219328e-05	5.77108	1.06058
8.266779e-05	5.77242	1.05468
8.314504e-05	5.77375	1.04881
8.362504e-05	5.77507	1.04297
8.410781e-05	5.77637	1.03716
8.459337e-05	5.77767	1.03137
8.508173e-05	5.77895	1.02562
8.557291e-05	5.78023	1.01989
8.606693e-05	5.78149	1.0142
8.656380e-05	5.78274	1.00853
8.706354e-05	5.78398	1.00289
8.756616e-05	5.7852	0.997273
8.807169e-05	5.78642	0.991689
8.858013e-05	5.78762	0.986133
8.909151e-05	5.78882	0.980606
8.960584e-05	5.79	0.975107
9.012314e-05	5.79117	0.969635
9.064343e-05	5.79233	0.964192
9.116672e-05	5.79347	0.958777
9.169303e-05	5.79461	0.953389
9.222238e-05	5.79573	0.94803
9.275479e-05	5.79685	0.942697
9.329026e-05	5.79795	0.937393
9.382883e-05	5.79904	0.932116
9.437051e-05	5.80012	0.926867
9.491532e-05	5.80119	0.921645
9.546327e-05	5.80225	0.91645
9.601439e-05	5.80329	0.911282
9.656869e-05	5.80433	0.906142
9.712618e-05	5.80536	0.901028
9.768690e-05	5.80637	0.895942
9.825085e-05	5.80738	0.890882
9.881806e-05	5.80837	0.885849
9.938854e-05	5.80935	0.880843
9.996232e-05	5.81033	0.875863
1.005394e-04	5.81129	0.87091
1.011198e-04	5.81224	0.865983
1.017036e-04	5.81318	0.861083
1.022907e-04	5.81411	0.856208
1.028813e-04	5.81504	0.85136
1.034752e-04	5.81595	0.846538
1.040726e-04	5.81685	0.841742
1.046734e-04	5.81774	0.836971
1.052777e-04	5.81863	0.832226
1.058855e-04	5.8195	0.827507
1.064967e-04	5.82036	0.822813
1.071116e-04	5.82122	0.818145
1.077299e-04	5.82206	0.813502
1.083518e-04	5.8229	0.808884
1.089774e-04	5.82372	0.804291
1.096065e-04	5.82454	0.799723
1.102393e-04	5.82535	0.79518
1.108757e-04	5.82615	0.790662
1.115158e-04	5.82694	0.786168
1.121596e-04	5.82772	0.781699
1.128071e-04	5.82849	0.777254
1.134583e-04	5.82926	0.772834
1.141133e-04	5.83001	0.768438
1.147721e-04	5.83076	0.764066
1.154347e-04	5.8315	0.759718
1.161011e-04	5.83223	0.755394
1.167714e-04	5.83295	0.751094
1.174455e-04	5.83367	0.746817
1.181235e-04	5.83438	0.742564
1.188054e-04	5.83507	0.738335
1.194913e-04	5.83576	0.734129
1.201811e-04	5.83645	0.729946
1.208750e-04	5.83712	0.725786
1.215728e-04	5.83779	0.72165
1.222746e-04	5.83845	0.717536
1.229805e-04	5.8391	0.713445
1.236905e-04	5.83975	0.709377
1.244046e-04	5.84039	0.705331
1.251228e-04	5.84102	0.701308
